# Data from LTS-66, V6
# File name: Telescope Throughput V6.xlsx
# tab: Telescope Throughput Budget, rows: 157 158

Take the wavelength ranges for each band as defined in tab [Filter bandpass]
And take the values in tab [Telescope Throughput Budget] as the losses at the center of each band
The curve is obtained by doing a linear interpolation using the six points

300 0.98205
301 0.98208
302 0.98212
303 0.98215
304 0.98218
305 0.98222
306 0.98225
307 0.98229
308 0.98232
309 0.98235
310 0.98239
311 0.98242
312 0.98245
313 0.98249
314 0.98252
315 0.98256
316 0.98259
317 0.98262
318 0.98266
319 0.98269
320 0.98273
321 0.98276
322 0.98279
323 0.98283
324 0.98286
325 0.98290
326 0.98293
327 0.98296
328 0.98300
329 0.98303
330 0.98306
331 0.98310
332 0.98313
333 0.98317
334 0.98320
335 0.98323
336 0.98327
337 0.98330
338 0.98334
339 0.98337
340 0.98340
341 0.98344
342 0.98347
343 0.98350
344 0.98354
345 0.98357
346 0.98361
347 0.98364
348 0.98367
349 0.98371
350 0.98374
351 0.98378
352 0.98381
353 0.98384
354 0.98388
355 0.98391
356 0.98395
357 0.98398
358 0.98401
359 0.98405
360 0.98408
361 0.98411
362 0.98415
363 0.98418
364 0.98422
365 0.98425
366 0.98428
367 0.98432
368 0.98435
369 0.98439
370 0.98442
371 0.98445
372 0.98449
373 0.98452
374 0.98456
375 0.98459
376 0.98462
377 0.98466
378 0.98469
379 0.98472
380 0.98476
381 0.98479
382 0.98483
383 0.98486
384 0.98489
385 0.98493
386 0.98496
387 0.98500
388 0.98503
389 0.98506
390 0.98510
391 0.98513
392 0.98517
393 0.98520
394 0.98523
395 0.98527
396 0.98530
397 0.98533
398 0.98537
399 0.98540
400 0.98544
401 0.98547
402 0.98550
403 0.98554
404 0.98557
405 0.98561
406 0.98564
407 0.98567
408 0.98571
409 0.98574
410 0.98577
411 0.98581
412 0.98584
413 0.98588
414 0.98591
415 0.98594
416 0.98598
417 0.98601
418 0.98605
419 0.98608
420 0.98611
421 0.98615
422 0.98618
423 0.98622
424 0.98625
425 0.98628
426 0.98632
427 0.98635
428 0.98638
429 0.98642
430 0.98645
431 0.98649
432 0.98652
433 0.98655
434 0.98659
435 0.98662
436 0.98666
437 0.98669
438 0.98672
439 0.98676
440 0.98679
441 0.98683
442 0.98686
443 0.98689
444 0.98693
445 0.98696
446 0.98699
447 0.98703
448 0.98706
449 0.98710
450 0.98713
451 0.98716
452 0.98720
453 0.98723
454 0.98727
455 0.98730
456 0.98733
457 0.98737
458 0.98740
459 0.98744
460 0.98747
461 0.98750
462 0.98754
463 0.98757
464 0.98760
465 0.98764
466 0.98767
467 0.98771
468 0.98774
469 0.98777
470 0.98781
471 0.98784
472 0.98788
473 0.98791
474 0.98794
475 0.98798
476 0.98801
477 0.98804
478 0.98806
479 0.98807
480 0.98808
481 0.98809
482 0.98810
483 0.98811
484 0.98812
485 0.98813
486 0.98814
487 0.98815
488 0.98816
489 0.98817
490 0.98818
491 0.98819
492 0.98820
493 0.98821
494 0.98822
495 0.98823
496 0.98824
497 0.98825
498 0.98826
499 0.98827
500 0.98828
501 0.98829
502 0.98830
503 0.98831
504 0.98832
505 0.98833
506 0.98834
507 0.98835
508 0.98836
509 0.98837
510 0.98838
511 0.98840
512 0.98841
513 0.98842
514 0.98843
515 0.98844
516 0.98845
517 0.98846
518 0.98847
519 0.98848
520 0.98849
521 0.98850
522 0.98851
523 0.98852
524 0.98853
525 0.98854
526 0.98855
527 0.98856
528 0.98857
529 0.98858
530 0.98859
531 0.98860
532 0.98861
533 0.98862
534 0.98863
535 0.98864
536 0.98865
537 0.98866
538 0.98867
539 0.98868
540 0.98869
541 0.98870
542 0.98871
543 0.98872
544 0.98874
545 0.98875
546 0.98876
547 0.98877
548 0.98878
549 0.98879
550 0.98880
551 0.98881
552 0.98882
553 0.98883
554 0.98884
555 0.98885
556 0.98886
557 0.98887
558 0.98888
559 0.98889
560 0.98890
561 0.98891
562 0.98892
563 0.98893
564 0.98894
565 0.98895
566 0.98896
567 0.98897
568 0.98898
569 0.98899
570 0.98900
571 0.98901
572 0.98902
573 0.98903
574 0.98904
575 0.98905
576 0.98906
577 0.98908
578 0.98909
579 0.98910
580 0.98911
581 0.98912
582 0.98913
583 0.98914
584 0.98915
585 0.98916
586 0.98917
587 0.98918
588 0.98919
589 0.98920
590 0.98921
591 0.98922
592 0.98923
593 0.98924
594 0.98925
595 0.98926
596 0.98927
597 0.98928
598 0.98929
599 0.98930
600 0.98931
601 0.98932
602 0.98933
603 0.98934
604 0.98935
605 0.98936
606 0.98937
607 0.98938
608 0.98939
609 0.98940
610 0.98942
611 0.98943
612 0.98944
613 0.98945
614 0.98946
615 0.98947
616 0.98948
617 0.98949
618 0.98950
619 0.98951
620 0.98952
621 0.98953
622 0.98954
623 0.98954
624 0.98954
625 0.98955
626 0.98955
627 0.98955
628 0.98956
629 0.98956
630 0.98957
631 0.98957
632 0.98957
633 0.98958
634 0.98958
635 0.98958
636 0.98959
637 0.98959
638 0.98960
639 0.98960
640 0.98960
641 0.98961
642 0.98961
643 0.98961
644 0.98962
645 0.98962
646 0.98963
647 0.98963
648 0.98963
649 0.98964
650 0.98964
651 0.98964
652 0.98965
653 0.98965
654 0.98966
655 0.98966
656 0.98966
657 0.98967
658 0.98967
659 0.98967
660 0.98968
661 0.98968
662 0.98968
663 0.98969
664 0.98969
665 0.98970
666 0.98970
667 0.98970
668 0.98971
669 0.98971
670 0.98971
671 0.98972
672 0.98972
673 0.98973
674 0.98973
675 0.98973
676 0.98974
677 0.98974
678 0.98974
679 0.98975
680 0.98975
681 0.98976
682 0.98976
683 0.98976
684 0.98977
685 0.98977
686 0.98977
687 0.98978
688 0.98978
689 0.98979
690 0.98979
691 0.98979
692 0.98980
693 0.98980
694 0.98980
695 0.98981
696 0.98981
697 0.98982
698 0.98982
699 0.98982
700 0.98983
701 0.98983
702 0.98983
703 0.98984
704 0.98984
705 0.98985
706 0.98985
707 0.98985
708 0.98986
709 0.98986
710 0.98986
711 0.98987
712 0.98987
713 0.98988
714 0.98988
715 0.98988
716 0.98989
717 0.98989
718 0.98989
719 0.98990
720 0.98990
721 0.98991
722 0.98991
723 0.98991
724 0.98992
725 0.98992
726 0.98992
727 0.98993
728 0.98993
729 0.98994
730 0.98994
731 0.98994
732 0.98995
733 0.98995
734 0.98995
735 0.98996
736 0.98996
737 0.98997
738 0.98997
739 0.98997
740 0.98998
741 0.98998
742 0.98998
743 0.98999
744 0.98999
745 0.99000
746 0.99000
747 0.99000
748 0.99001
749 0.99001
750 0.99001
751 0.99002
752 0.99002
753 0.99003
754 0.99003
755 0.99003
756 0.99003
757 0.99003
758 0.99003
759 0.99003
760 0.99003
761 0.99003
762 0.99003
763 0.99003
764 0.99003
765 0.99003
766 0.99003
767 0.99003
768 0.99003
769 0.99003
770 0.99003
771 0.99003
772 0.99003
773 0.99003
774 0.99003
775 0.99003
776 0.99003
777 0.99003
778 0.99003
779 0.99003
780 0.99003
781 0.99003
782 0.99003
783 0.99003
784 0.99003
785 0.99003
786 0.99003
787 0.99003
788 0.99003
789 0.99003
790 0.99003
791 0.99003
792 0.99003
793 0.99003
794 0.99003
795 0.99003
796 0.99003
797 0.99003
798 0.99003
799 0.99003
800 0.99003
801 0.99003
802 0.99003
803 0.99003
804 0.99003
805 0.99003
806 0.99003
807 0.99003
808 0.99003
809 0.99003
810 0.99003
811 0.99003
812 0.99003
813 0.99003
814 0.99003
815 0.99003
816 0.99003
817 0.99003
818 0.99003
819 0.99003
820 0.99003
821 0.99003
822 0.99003
823 0.99003
824 0.99003
825 0.99003
826 0.99003
827 0.99003
828 0.99003
829 0.99003
830 0.99003
831 0.99003
832 0.99003
833 0.99003
834 0.99003
835 0.99003
836 0.99003
837 0.99003
838 0.99003
839 0.99003
840 0.99003
841 0.99003
842 0.99003
843 0.99003
844 0.99003
845 0.99003
846 0.99003
847 0.99003
848 0.99003
849 0.99003
850 0.99003
851 0.99003
852 0.99003
853 0.99003
854 0.99003
855 0.99003
856 0.99003
857 0.99003
858 0.99003
859 0.99003
860 0.99003
861 0.99003
862 0.99003
863 0.99003
864 0.99003
865 0.99003
866 0.99003
867 0.99003
868 0.99003
869 0.99003
870 0.99003
871 0.99003
872 0.99003
873 0.99003
874 0.99003
875 0.99003
876 0.99003
877 0.99003
878 0.99003
879 0.99003
880 0.99003
881 0.99003
882 0.99003
883 0.99003
884 0.99003
885 0.99003
886 0.99003
887 0.99003
888 0.99003
889 0.99003
890 0.99003
891 0.99003
892 0.99003
893 0.99003
894 0.99003
895 0.99003
896 0.99003
897 0.99003
898 0.99003
899 0.99003
900 0.99003
901 0.99003
902 0.99003
903 0.99003
904 0.99003
905 0.99003
906 0.99003
907 0.99003
908 0.99003
909 0.99003
910 0.99003
911 0.99003
912 0.99003
913 0.99003
914 0.99003
915 0.99003
916 0.99003
917 0.99003
918 0.99003
919 0.99003
920 0.99003
921 0.99003
922 0.99003
923 0.99003
924 0.99003
925 0.99003
926 0.99003
927 0.99003
928 0.99003
929 0.99003
930 0.99003
931 0.99003
932 0.99003
933 0.99003
934 0.99003
935 0.99003
936 0.99003
937 0.99003
938 0.99003
939 0.99003
940 0.99003
941 0.99003
942 0.99003
943 0.99003
944 0.99003
945 0.99003
946 0.99003
947 0.99003
948 0.99003
949 0.99003
950 0.99003
951 0.99003
952 0.99003
953 0.99003
954 0.99003
955 0.99003
956 0.99003
957 0.99003
958 0.99003
959 0.99003
960 0.99003
961 0.99003
962 0.99003
963 0.99003
964 0.99003
965 0.99003
966 0.99003
967 0.99003
968 0.99003
969 0.99003
970 0.99003
971 0.99003
972 0.99003
973 0.99003
974 0.99003
975 0.99003
976 0.99003
977 0.99003
978 0.99003
979 0.99003
980 0.99003
981 0.99003
982 0.99003
983 0.99003
984 0.99003
985 0.99003
986 0.99003
987 0.99003
988 0.99003
989 0.99003
990 0.99003
991 0.99003
992 0.99003
993 0.99003
994 0.99003
995 0.99003
996 0.99003
997 0.99003
998 0.99003
999 0.99003
1000 0.99003
1001 0.99003
1002 0.99003
1003 0.99003
1004 0.99003
1005 0.99003
1006 0.99003
1007 0.99003
1008 0.99003
1009 0.99003
1010 0.99003
1011 0.99003
1012 0.99003
1013 0.99003
1014 0.99003
1015 0.99003
1016 0.99003
1017 0.99003
1018 0.99003
1019 0.99003
1020 0.99003
1021 0.99003
1022 0.99003
1023 0.99003
1024 0.99003
1025 0.99003
1026 0.99003
1027 0.99003
1028 0.99003
1029 0.99003
1030 0.99003
1031 0.99003
1032 0.99003
1033 0.99003
1034 0.99003
1035 0.99003
1036 0.99003
1037 0.99003
1038 0.99003
1039 0.99003
1040 0.99003
1041 0.99003
1042 0.99003
1043 0.99003
1044 0.99003
1045 0.99003
1046 0.99003
1047 0.99003
1048 0.99003
1049 0.99003
1050 0.99003
1051 0.99003
1052 0.99003
1053 0.99003
1054 0.99003
1055 0.99003
1056 0.99003
1057 0.99003
1058 0.99003
1059 0.99003
1060 0.99003
1061 0.99003
1062 0.99003
1063 0.99003
1064 0.99003
1065 0.99003
1066 0.99003
1067 0.99003
1068 0.99003
1069 0.99003
1070 0.99003
1071 0.99003
1072 0.99003
1073 0.99003
1074 0.99003
1075 0.99003
1076 0.99003
1077 0.99003
1078 0.99003
1079 0.99003
1080 0.99003
1081 0.99003
1082 0.99003
1083 0.99003
1084 0.99003
1085 0.99003
1086 0.99003
1087 0.99003
1088 0.99003
1089 0.99003
1090 0.99003
1091 0.99003
1092 0.99003
1093 0.99003
1094 0.99003
1095 0.99003
1096 0.99003
1097 0.99003
1098 0.99003
1099 0.99003
1100 0.99003
1101 0.99003
1102 0.99003
1103 0.99003
1104 0.99003
1105 0.99003
1106 0.99003
1107 0.99003
1108 0.99003
1109 0.99003
1110 0.99003
1111 0.99003
1112 0.99003
1113 0.99003
1114 0.99003
1115 0.99003
1116 0.99003
1117 0.99003
1118 0.99003
1119 0.99003
1120 0.99003
1121 0.99003
1122 0.99003
1123 0.99003
1124 0.99003
1125 0.99003
1126 0.99003
1127 0.99003
1128 0.99003
1129 0.99003
1130 0.99003
1131 0.99003
1132 0.99003
1133 0.99003
1134 0.99003
1135 0.99003
1136 0.99003
1137 0.99003
1138 0.99003
1139 0.99003
1140 0.99003
1141 0.99003
1142 0.99003
1143 0.99003
1144 0.99003
1145 0.99003
1146 0.99003
1147 0.99003
1148 0.99003
1149 0.99003
1150 0.99003
