300.0 0.9936
301.0 0.9936
302.0 0.9938
303.0 0.9942
304.0 0.9947
305.0 0.9952
306.0 0.9957
307.0 0.9961
308.0 0.9964
309.0 0.9966
310.0 0.9966
311.0 0.9965
312.0 0.9963
313.0 0.9960
314.0 0.9957
315.0 0.9954
316.0 0.9950
317.0 0.9947
318.0 0.9944
319.0 0.9941
320.0 0.9939
321.0 0.9938
322.0 0.9937
323.0 0.9937
324.0 0.9937
325.0 0.9937
326.0 0.9937
327.0 0.9938
328.0 0.9938
329.0 0.9938
330.0 0.9938
331.0 0.9938
332.0 0.9937
333.0 0.9937
334.0 0.9936
335.0 0.9936
336.0 0.9936
337.0 0.9935
338.0 0.9935
339.0 0.9935
340.0 0.9934
341.0 0.9934
342.0 0.9934
343.0 0.9934
344.0 0.9934
345.0 0.9934
346.0 0.9934
347.0 0.9934
348.0 0.9934
349.0 0.9934
350.0 0.9934
351.0 0.9934
352.0 0.9934
353.0 0.9935
354.0 0.9935
355.0 0.9935
356.0 0.9934
357.0 0.9934
358.0 0.9934
359.0 0.9933
360.0 0.9933
361.0 0.9933
362.0 0.9932
363.0 0.9932
364.0 0.9932
365.0 0.9932
366.0 0.9932
367.0 0.9932
368.0 0.9932
369.0 0.9932
370.0 0.9932
371.0 0.9932
372.0 0.9932
373.0 0.9931
374.0 0.9931
375.0 0.9931
376.0 0.9931
377.0 0.9930
378.0 0.9930
379.0 0.9929
380.0 0.9929
381.0 0.9929
382.0 0.9928
383.0 0.9928
384.0 0.9928
385.0 0.9927
386.0 0.9927
387.0 0.9927
388.0 0.9927
389.0 0.9926
390.0 0.9926
391.0 0.9926
392.0 0.9926
393.0 0.9925
394.0 0.9925
395.0 0.9924
396.0 0.9924
397.0 0.9923
398.0 0.9923
399.0 0.9922
400.0 0.9922
401.0 0.9921
402.0 0.9921
403.0 0.9920
404.0 0.9920
405.0 0.9920
406.0 0.9919
407.0 0.9919
408.0 0.9919
409.0 0.9919
410.0 0.9919
411.0 0.9919
412.0 0.9919
413.0 0.9919
414.0 0.9919
415.0 0.9919
416.0 0.9919
417.0 0.9919
418.0 0.9919
419.0 0.9919
420.0 0.9918
421.0 0.9918
422.0 0.9918
423.0 0.9918
424.0 0.9917
425.0 0.9917
426.0 0.9917
427.0 0.9916
428.0 0.9916
429.0 0.9916
430.0 0.9915
431.0 0.9915
432.0 0.9915
433.0 0.9915
434.0 0.9914
435.0 0.9914
436.0 0.9914
437.0 0.9914
438.0 0.9914
439.0 0.9914
440.0 0.9914
441.0 0.9914
442.0 0.9914
443.0 0.9914
444.0 0.9914
445.0 0.9914
446.0 0.9914
447.0 0.9914
448.0 0.9914
449.0 0.9914
450.0 0.9913
451.0 0.9913
452.0 0.9913
453.0 0.9913
454.0 0.9913
455.0 0.9913
456.0 0.9913
457.0 0.9912
458.0 0.9912
459.0 0.9912
460.0 0.9912
461.0 0.9912
462.0 0.9912
463.0 0.9912
464.0 0.9912
465.0 0.9912
466.0 0.9912
467.0 0.9912
468.0 0.9912
469.0 0.9912
470.0 0.9912
471.0 0.9912
472.0 0.9912
473.0 0.9912
474.0 0.9912
475.0 0.9912
476.0 0.9912
477.0 0.9912
478.0 0.9912
479.0 0.9911
480.0 0.9911
481.0 0.9911
482.0 0.9911
483.0 0.9911
484.0 0.9910
485.0 0.9910
486.0 0.9910
487.0 0.9910
488.0 0.9909
489.0 0.9909
490.0 0.9909
491.0 0.9909
492.0 0.9909
493.0 0.9909
494.0 0.9909
495.0 0.9909
496.0 0.9909
497.0 0.9909
498.0 0.9909
499.0 0.9909
500.0 0.9909
501.0 0.9910
502.0 0.9910
503.0 0.9910
504.0 0.9910
505.0 0.9911
506.0 0.9911
507.0 0.9911
508.0 0.9911
509.0 0.9911
510.0 0.9911
511.0 0.9912
512.0 0.9912
513.0 0.9912
514.0 0.9912
515.0 0.9912
516.0 0.9912
517.0 0.9912
518.0 0.9911
519.0 0.9911
520.0 0.9911
521.0 0.9911
522.0 0.9911
523.0 0.9910
524.0 0.9910
525.0 0.9910
526.0 0.9909
527.0 0.9909
528.0 0.9909
529.0 0.9909
530.0 0.9908
531.0 0.9908
532.0 0.9908
533.0 0.9908
534.0 0.9907
535.0 0.9907
536.0 0.9907
537.0 0.9907
538.0 0.9907
539.0 0.9907
540.0 0.9907
541.0 0.9907
542.0 0.9907
543.0 0.9907
544.0 0.9907
545.0 0.9907
546.0 0.9907
547.0 0.9907
548.0 0.9907
549.0 0.9907
550.0 0.9907
551.0 0.9907
552.0 0.9907
553.0 0.9907
554.0 0.9907
555.0 0.9908
556.0 0.9908
557.0 0.9908
558.0 0.9908
559.0 0.9908
560.0 0.9908
561.0 0.9908
562.0 0.9908
563.0 0.9908
564.0 0.9907
565.0 0.9907
566.0 0.9907
567.0 0.9907
568.0 0.9907
569.0 0.9907
570.0 0.9907
571.0 0.9907
572.0 0.9906
573.0 0.9906
574.0 0.9906
575.0 0.9906
576.0 0.9906
577.0 0.9906
578.0 0.9905
579.0 0.9905
580.0 0.9905
581.0 0.9905
582.0 0.9905
583.0 0.9905
584.0 0.9905
585.0 0.9905
586.0 0.9905
587.0 0.9905
588.0 0.9905
589.0 0.9905
590.0 0.9905
591.0 0.9905
592.0 0.9905
593.0 0.9905
594.0 0.9905
595.0 0.9905
596.0 0.9905
597.0 0.9905
598.0 0.9905
599.0 0.9905
600.0 0.9905
601.0 0.9905
602.0 0.9905
603.0 0.9905
604.0 0.9905
605.0 0.9905
606.0 0.9905
607.0 0.9905
608.0 0.9905
609.0 0.9905
610.0 0.9905
611.0 0.9905
612.0 0.9905
613.0 0.9905
614.0 0.9905
615.0 0.9905
616.0 0.9905
617.0 0.9905
618.0 0.9905
619.0 0.9904
620.0 0.9904
621.0 0.9904
622.0 0.9904
623.0 0.9904
624.0 0.9903
625.0 0.9903
626.0 0.9903
627.0 0.9903
628.0 0.9902
629.0 0.9902
630.0 0.9902
631.0 0.9901
632.0 0.9901
633.0 0.9901
634.0 0.9901
635.0 0.9900
636.0 0.9900
637.0 0.9900
638.0 0.9899
639.0 0.9899
640.0 0.9899
641.0 0.9899
642.0 0.9898
643.0 0.9898
644.0 0.9898
645.0 0.9898
646.0 0.9898
647.0 0.9897
648.0 0.9897
649.0 0.9897
650.0 0.9897
651.0 0.9897
652.0 0.9897
653.0 0.9897
654.0 0.9896
655.0 0.9896
656.0 0.9896
657.0 0.9896
658.0 0.9896
659.0 0.9896
660.0 0.9896
661.0 0.9896
662.0 0.9896
663.0 0.9895
664.0 0.9895
665.0 0.9895
666.0 0.9895
667.0 0.9895
668.0 0.9895
669.0 0.9894
670.0 0.9894
671.0 0.9894
672.0 0.9894
673.0 0.9894
674.0 0.9893
675.0 0.9893
676.0 0.9893
677.0 0.9892
678.0 0.9892
679.0 0.9892
680.0 0.9892
681.0 0.9891
682.0 0.9891
683.0 0.9891
684.0 0.9890
685.0 0.9890
686.0 0.9889
687.0 0.9889
688.0 0.9889
689.0 0.9888
690.0 0.9888
691.0 0.9888
692.0 0.9887
693.0 0.9887
694.0 0.9886
695.0 0.9886
696.0 0.9886
697.0 0.9885
698.0 0.9885
699.0 0.9885
700.0 0.9884
701.0 0.9884
702.0 0.9884
703.0 0.9884
704.0 0.9883
705.0 0.9883
706.0 0.9883
707.0 0.9883
708.0 0.9883
709.0 0.9883
710.0 0.9883
711.0 0.9883
712.0 0.9883
713.0 0.9883
714.0 0.9883
715.0 0.9883
716.0 0.9883
717.0 0.9883
718.0 0.9883
719.0 0.9883
720.0 0.9883
721.0 0.9884
722.0 0.9884
723.0 0.9884
724.0 0.9884
725.0 0.9885
726.0 0.9885
727.0 0.9885
728.0 0.9886
729.0 0.9886
730.0 0.9887
731.0 0.9887
732.0 0.9887
733.0 0.9888
734.0 0.9888
735.0 0.9889
736.0 0.9889
737.0 0.9890
738.0 0.9890
739.0 0.9891
740.0 0.9891
741.0 0.9892
742.0 0.9892
743.0 0.9892
744.0 0.9893
745.0 0.9893
746.0 0.9894
747.0 0.9894
748.0 0.9895
749.0 0.9895
750.0 0.9895
751.0 0.9896
752.0 0.9896
753.0 0.9896
754.0 0.9897
755.0 0.9897
756.0 0.9897
757.0 0.9897
758.0 0.9898
759.0 0.9898
760.0 0.9898
761.0 0.9898
762.0 0.9898
763.0 0.9898
764.0 0.9898
765.0 0.9898
766.0 0.9898
767.0 0.9898
768.0 0.9898
769.0 0.9898
770.0 0.9898
771.0 0.9898
772.0 0.9898
773.0 0.9898
774.0 0.9898
775.0 0.9898
776.0 0.9898
777.0 0.9897
778.0 0.9897
779.0 0.9897
780.0 0.9897
781.0 0.9897
782.0 0.9896
783.0 0.9896
784.0 0.9896
785.0 0.9896
786.0 0.9895
787.0 0.9895
788.0 0.9895
789.0 0.9895
790.0 0.9894
791.0 0.9894
792.0 0.9894
793.0 0.9893
794.0 0.9893
795.0 0.9893
796.0 0.9893
797.0 0.9892
798.0 0.9892
799.0 0.9892
800.0 0.9892
801.0 0.9892
802.0 0.9891
803.0 0.9891
804.0 0.9891
805.0 0.9891
806.0 0.9891
807.0 0.9891
808.0 0.9891
809.0 0.9890
810.0 0.9890
811.0 0.9890
812.0 0.9890
813.0 0.9890
814.0 0.9890
815.0 0.9890
816.0 0.9890
817.0 0.9890
818.0 0.9890
819.0 0.9890
820.0 0.9890
821.0 0.9890
822.0 0.9890
823.0 0.9890
824.0 0.9890
825.0 0.9890
826.0 0.9890
827.0 0.9890
828.0 0.9890
829.0 0.9890
830.0 0.9890
831.0 0.9890
832.0 0.9890
833.0 0.9891
834.0 0.9891
835.0 0.9891
836.0 0.9891
837.0 0.9891
838.0 0.9891
839.0 0.9891
840.0 0.9891
841.0 0.9891
842.0 0.9891
843.0 0.9891
844.0 0.9891
845.0 0.9891
846.0 0.9891
847.0 0.9891
848.0 0.9891
849.0 0.9891
850.0 0.9891
851.0 0.9891
852.0 0.9891
853.0 0.9891
854.0 0.9891
855.0 0.9891
856.0 0.9891
857.0 0.9891
858.0 0.9891
859.0 0.9891
860.0 0.9891
861.0 0.9891
862.0 0.9891
863.0 0.9891
864.0 0.9891
865.0 0.9890
866.0 0.9890
867.0 0.9890
868.0 0.9890
869.0 0.9890
870.0 0.9890
871.0 0.9889
872.0 0.9889
873.0 0.9889
874.0 0.9889
875.0 0.9889
876.0 0.9888
877.0 0.9888
878.0 0.9888
879.0 0.9888
880.0 0.9887
881.0 0.9887
882.0 0.9887
883.0 0.9887
884.0 0.9886
885.0 0.9886
886.0 0.9886
887.0 0.9886
888.0 0.9886
889.0 0.9885
890.0 0.9885
891.0 0.9885
892.0 0.9885
893.0 0.9885
894.0 0.9884
895.0 0.9884
896.0 0.9884
897.0 0.9884
898.0 0.9884
899.0 0.9884
900.0 0.9883
901.0 0.9883
902.0 0.9883
903.0 0.9883
904.0 0.9883
905.0 0.9883
906.0 0.9883
907.0 0.9883
908.0 0.9883
909.0 0.9883
910.0 0.9883
911.0 0.9883
912.0 0.9883
913.0 0.9883
914.0 0.9883
915.0 0.9883
916.0 0.9883
917.0 0.9883
918.0 0.9883
919.0 0.9883
920.0 0.9884
921.0 0.9884
922.0 0.9884
923.0 0.9884
924.0 0.9884
925.0 0.9885
926.0 0.9885
927.0 0.9885
928.0 0.9885
929.0 0.9886
930.0 0.9886
931.0 0.9886
932.0 0.9887
933.0 0.9887
934.0 0.9887
935.0 0.9888
936.0 0.9888
937.0 0.9888
938.0 0.9889
939.0 0.9889
940.0 0.9889
941.0 0.9890
942.0 0.9890
943.0 0.9890
944.0 0.9891
945.0 0.9891
946.0 0.9892
947.0 0.9892
948.0 0.9892
949.0 0.9893
950.0 0.9893
951.0 0.9893
952.0 0.9894
953.0 0.9894
954.0 0.9895
955.0 0.9895
956.0 0.9895
957.0 0.9896
958.0 0.9896
959.0 0.9896
960.0 0.9896
961.0 0.9897
962.0 0.9897
963.0 0.9897
964.0 0.9897
965.0 0.9898
966.0 0.9898
967.0 0.9898
968.0 0.9898
969.0 0.9898
970.0 0.9898
971.0 0.9899
972.0 0.9899
973.0 0.9899
974.0 0.9899
975.0 0.9899
976.0 0.9899
977.0 0.9899
978.0 0.9899
979.0 0.9899
980.0 0.9899
981.0 0.9899
982.0 0.9899
983.0 0.9898
984.0 0.9898
985.0 0.9898
986.0 0.9898
987.0 0.9898
988.0 0.9898
989.0 0.9897
990.0 0.9897
991.0 0.9897
992.0 0.9897
993.0 0.9896
994.0 0.9896
995.0 0.9896
996.0 0.9895
997.0 0.9895
998.0 0.9894
999.0 0.9894
1000.0 0.9894
1001.0 0.9893
1002.0 0.9893
1003.0 0.9892
1004.0 0.9892
1005.0 0.9891
1006.0 0.9891
1007.0 0.9891
1008.0 0.9890
1009.0 0.9890
1010.0 0.9889
1011.0 0.9889
1012.0 0.9888
1013.0 0.9888
1014.0 0.9887
1015.0 0.9887
1016.0 0.9886
1017.0 0.9886
1018.0 0.9885
1019.0 0.9885
1020.0 0.9885
1021.0 0.9884
1022.0 0.9884
1023.0 0.9883
1024.0 0.9883
1025.0 0.9883
1026.0 0.9882
1027.0 0.9882
1028.0 0.9882
1029.0 0.9882
1030.0 0.9881
1031.0 0.9881
1032.0 0.9881
1033.0 0.9881
1034.0 0.9881
1035.0 0.9880
1036.0 0.9880
1037.0 0.9880
1038.0 0.9880
1039.0 0.9880
1040.0 0.9880
1041.0 0.9880
1042.0 0.9880
1043.0 0.9881
1044.0 0.9881
1045.0 0.9881
1046.0 0.9881
1047.0 0.9881
1048.0 0.9882
1049.0 0.9882
1050.0 0.9882
1051.0 0.9883
1052.0 0.9883
1053.0 0.9884
1054.0 0.9884
1055.0 0.9885
1056.0 0.9885
1057.0 0.9886
1058.0 0.9886
1059.0 0.9887
1060.0 0.9888
1061.0 0.9888
1062.0 0.9889
1063.0 0.9890
1064.0 0.9891
1065.0 0.9891
1066.0 0.9892
1067.0 0.9893
1068.0 0.9894
1069.0 0.9895
1070.0 0.9896
1071.0 0.9897
1072.0 0.9897
1073.0 0.9898
1074.0 0.9899
1075.0 0.9900
1076.0 0.9901
1077.0 0.9902
1078.0 0.9903
1079.0 0.9904
1080.0 0.9905
1081.0 0.9906
1082.0 0.9907
1083.0 0.9908
1084.0 0.9908
1085.0 0.9909
1086.0 0.9910
1087.0 0.9911
1088.0 0.9911
1089.0 0.9912
1090.0 0.9913
1091.0 0.9913
1092.0 0.9914
1093.0 0.9914
1094.0 0.9915
1095.0 0.9915
1096.0 0.9915
1097.0 0.9916
1098.0 0.9916
1099.0 0.9916
1100.0 0.9916
