300.0 0.9941
301.0 0.9946
302.0 0.9951
303.0 0.9956
304.0 0.9959
305.0 0.9961
306.0 0.9962
307.0 0.9961
308.0 0.9960
309.0 0.9958
310.0 0.9955
311.0 0.9952
312.0 0.9950
313.0 0.9947
314.0 0.9945
315.0 0.9943
316.0 0.9941
317.0 0.9939
318.0 0.9938
319.0 0.9937
320.0 0.9937
321.0 0.9936
322.0 0.9937
323.0 0.9937
324.0 0.9937
325.0 0.9938
326.0 0.9938
327.0 0.9939
328.0 0.9939
329.0 0.9938
330.0 0.9938
331.0 0.9937
332.0 0.9937
333.0 0.9936
334.0 0.9936
335.0 0.9936
336.0 0.9936
337.0 0.9936
338.0 0.9937
339.0 0.9937
340.0 0.9937
341.0 0.9936
342.0 0.9936
343.0 0.9936
344.0 0.9935
345.0 0.9934
346.0 0.9934
347.0 0.9933
348.0 0.9933
349.0 0.9932
350.0 0.9932
351.0 0.9932
352.0 0.9932
353.0 0.9933
354.0 0.9933
355.0 0.9933
356.0 0.9933
357.0 0.9933
358.0 0.9933
359.0 0.9933
360.0 0.9932
361.0 0.9932
362.0 0.9932
363.0 0.9931
364.0 0.9931
365.0 0.9931
366.0 0.9931
367.0 0.9930
368.0 0.9930
369.0 0.9930
370.0 0.9930
371.0 0.9930
372.0 0.9930
373.0 0.9929
374.0 0.9929
375.0 0.9929
376.0 0.9928
377.0 0.9928
378.0 0.9928
379.0 0.9927
380.0 0.9927
381.0 0.9926
382.0 0.9926
383.0 0.9925
384.0 0.9925
385.0 0.9924
386.0 0.9924
387.0 0.9923
388.0 0.9923
389.0 0.9923
390.0 0.9922
391.0 0.9922
392.0 0.9922
393.0 0.9921
394.0 0.9921
395.0 0.9921
396.0 0.9921
397.0 0.9920
398.0 0.9920
399.0 0.9920
400.0 0.9919
401.0 0.9919
402.0 0.9919
403.0 0.9918
404.0 0.9918
405.0 0.9918
406.0 0.9917
407.0 0.9917
408.0 0.9917
409.0 0.9917
410.0 0.9917
411.0 0.9916
412.0 0.9916
413.0 0.9916
414.0 0.9916
415.0 0.9916
416.0 0.9916
417.0 0.9916
418.0 0.9916
419.0 0.9916
420.0 0.9915
421.0 0.9915
422.0 0.9915
423.0 0.9915
424.0 0.9915
425.0 0.9914
426.0 0.9914
427.0 0.9914
428.0 0.9914
429.0 0.9913
430.0 0.9913
431.0 0.9913
432.0 0.9913
433.0 0.9912
434.0 0.9912
435.0 0.9912
436.0 0.9912
437.0 0.9911
438.0 0.9911
439.0 0.9911
440.0 0.9911
441.0 0.9911
442.0 0.9911
443.0 0.9911
444.0 0.9911
445.0 0.9910
446.0 0.9910
447.0 0.9910
448.0 0.9910
449.0 0.9910
450.0 0.9910
451.0 0.9910
452.0 0.9910
453.0 0.9910
454.0 0.9909
455.0 0.9909
456.0 0.9909
457.0 0.9909
458.0 0.9909
459.0 0.9909
460.0 0.9909
461.0 0.9909
462.0 0.9909
463.0 0.9909
464.0 0.9908
465.0 0.9908
466.0 0.9908
467.0 0.9908
468.0 0.9908
469.0 0.9908
470.0 0.9908
471.0 0.9908
472.0 0.9908
473.0 0.9908
474.0 0.9908
475.0 0.9908
476.0 0.9908
477.0 0.9908
478.0 0.9908
479.0 0.9908
480.0 0.9908
481.0 0.9908
482.0 0.9908
483.0 0.9908
484.0 0.9908
485.0 0.9908
486.0 0.9908
487.0 0.9908
488.0 0.9908
489.0 0.9908
490.0 0.9908
491.0 0.9908
492.0 0.9908
493.0 0.9908
494.0 0.9908
495.0 0.9908
496.0 0.9908
497.0 0.9908
498.0 0.9908
499.0 0.9907
500.0 0.9907
501.0 0.9907
502.0 0.9907
503.0 0.9907
504.0 0.9907
505.0 0.9907
506.0 0.9907
507.0 0.9907
508.0 0.9907
509.0 0.9907
510.0 0.9907
511.0 0.9907
512.0 0.9907
513.0 0.9907
514.0 0.9907
515.0 0.9907
516.0 0.9907
517.0 0.9907
518.0 0.9907
519.0 0.9906
520.0 0.9906
521.0 0.9906
522.0 0.9906
523.0 0.9906
524.0 0.9906
525.0 0.9906
526.0 0.9905
527.0 0.9905
528.0 0.9905
529.0 0.9905
530.0 0.9905
531.0 0.9905
532.0 0.9905
533.0 0.9904
534.0 0.9904
535.0 0.9904
536.0 0.9904
537.0 0.9904
538.0 0.9904
539.0 0.9904
540.0 0.9904
541.0 0.9904
542.0 0.9904
543.0 0.9904
544.0 0.9904
545.0 0.9904
546.0 0.9904
547.0 0.9904
548.0 0.9904
549.0 0.9904
550.0 0.9904
551.0 0.9904
552.0 0.9904
553.0 0.9904
554.0 0.9904
555.0 0.9904
556.0 0.9904
557.0 0.9904
558.0 0.9904
559.0 0.9904
560.0 0.9904
561.0 0.9903
562.0 0.9903
563.0 0.9903
564.0 0.9903
565.0 0.9903
566.0 0.9903
567.0 0.9903
568.0 0.9903
569.0 0.9903
570.0 0.9903
571.0 0.9903
572.0 0.9903
573.0 0.9903
574.0 0.9903
575.0 0.9903
576.0 0.9902
577.0 0.9902
578.0 0.9902
579.0 0.9902
580.0 0.9902
581.0 0.9902
582.0 0.9902
583.0 0.9902
584.0 0.9902
585.0 0.9902
586.0 0.9902
587.0 0.9902
588.0 0.9902
589.0 0.9902
590.0 0.9902
591.0 0.9902
592.0 0.9902
593.0 0.9902
594.0 0.9902
595.0 0.9902
596.0 0.9902
597.0 0.9902
598.0 0.9902
599.0 0.9902
600.0 0.9902
601.0 0.9902
602.0 0.9902
603.0 0.9902
604.0 0.9902
605.0 0.9902
606.0 0.9902
607.0 0.9901
608.0 0.9901
609.0 0.9901
610.0 0.9901
611.0 0.9901
612.0 0.9901
613.0 0.9901
614.0 0.9900
615.0 0.9900
616.0 0.9900
617.0 0.9900
618.0 0.9899
619.0 0.9899
620.0 0.9899
621.0 0.9898
622.0 0.9898
623.0 0.9898
624.0 0.9897
625.0 0.9897
626.0 0.9897
627.0 0.9896
628.0 0.9896
629.0 0.9895
630.0 0.9895
631.0 0.9894
632.0 0.9894
633.0 0.9894
634.0 0.9893
635.0 0.9893
636.0 0.9892
637.0 0.9892
638.0 0.9891
639.0 0.9891
640.0 0.9890
641.0 0.9889
642.0 0.9889
643.0 0.9888
644.0 0.9888
645.0 0.9887
646.0 0.9887
647.0 0.9886
648.0 0.9886
649.0 0.9885
650.0 0.9885
651.0 0.9884
652.0 0.9883
653.0 0.9883
654.0 0.9882
655.0 0.9882
656.0 0.9881
657.0 0.9881
658.0 0.9880
659.0 0.9880
660.0 0.9879
661.0 0.9878
662.0 0.9878
663.0 0.9877
664.0 0.9877
665.0 0.9876
666.0 0.9876
667.0 0.9875
668.0 0.9875
669.0 0.9874
670.0 0.9874
671.0 0.9873
672.0 0.9873
673.0 0.9872
674.0 0.9872
675.0 0.9871
676.0 0.9871
677.0 0.9871
678.0 0.9870
679.0 0.9870
680.0 0.9869
681.0 0.9869
682.0 0.9869
683.0 0.9868
684.0 0.9868
685.0 0.9868
686.0 0.9868
687.0 0.9868
688.0 0.9867
689.0 0.9867
690.0 0.9867
691.0 0.9867
692.0 0.9867
693.0 0.9867
694.0 0.9867
695.0 0.9867
696.0 0.9867
697.0 0.9867
698.0 0.9868
699.0 0.9868
700.0 0.9868
701.0 0.9868
702.0 0.9868
703.0 0.9869
704.0 0.9869
705.0 0.9869
706.0 0.9870
707.0 0.9870
708.0 0.9871
709.0 0.9871
710.0 0.9872
711.0 0.9872
712.0 0.9873
713.0 0.9873
714.0 0.9874
715.0 0.9874
716.0 0.9875
717.0 0.9876
718.0 0.9876
719.0 0.9877
720.0 0.9878
721.0 0.9878
722.0 0.9879
723.0 0.9880
724.0 0.9880
725.0 0.9881
726.0 0.9882
727.0 0.9882
728.0 0.9883
729.0 0.9884
730.0 0.9885
731.0 0.9885
732.0 0.9886
733.0 0.9887
734.0 0.9887
735.0 0.9888
736.0 0.9888
737.0 0.9889
738.0 0.9889
739.0 0.9890
740.0 0.9891
741.0 0.9891
742.0 0.9892
743.0 0.9892
744.0 0.9892
745.0 0.9893
746.0 0.9893
747.0 0.9894
748.0 0.9894
749.0 0.9894
750.0 0.9894
751.0 0.9895
752.0 0.9895
753.0 0.9895
754.0 0.9895
755.0 0.9895
756.0 0.9895
757.0 0.9896
758.0 0.9896
759.0 0.9896
760.0 0.9896
761.0 0.9896
762.0 0.9895
763.0 0.9895
764.0 0.9895
765.0 0.9895
766.0 0.9895
767.0 0.9895
768.0 0.9895
769.0 0.9894
770.0 0.9894
771.0 0.9894
772.0 0.9894
773.0 0.9893
774.0 0.9893
775.0 0.9893
776.0 0.9893
777.0 0.9892
778.0 0.9892
779.0 0.9892
780.0 0.9891
781.0 0.9891
782.0 0.9891
783.0 0.9890
784.0 0.9890
785.0 0.9890
786.0 0.9889
787.0 0.9889
788.0 0.9889
789.0 0.9888
790.0 0.9888
791.0 0.9888
792.0 0.9887
793.0 0.9887
794.0 0.9887
795.0 0.9887
796.0 0.9886
797.0 0.9886
798.0 0.9886
799.0 0.9885
800.0 0.9885
801.0 0.9885
802.0 0.9885
803.0 0.9885
804.0 0.9884
805.0 0.9884
806.0 0.9884
807.0 0.9884
808.0 0.9884
809.0 0.9884
810.0 0.9884
811.0 0.9883
812.0 0.9883
813.0 0.9883
814.0 0.9883
815.0 0.9883
816.0 0.9883
817.0 0.9883
818.0 0.9883
819.0 0.9883
820.0 0.9883
821.0 0.9883
822.0 0.9883
823.0 0.9883
824.0 0.9883
825.0 0.9883
826.0 0.9883
827.0 0.9883
828.0 0.9883
829.0 0.9883
830.0 0.9883
831.0 0.9883
832.0 0.9883
833.0 0.9883
834.0 0.9883
835.0 0.9883
836.0 0.9883
837.0 0.9883
838.0 0.9883
839.0 0.9883
840.0 0.9883
841.0 0.9883
842.0 0.9883
843.0 0.9883
844.0 0.9883
845.0 0.9883
846.0 0.9883
847.0 0.9883
848.0 0.9883
849.0 0.9883
850.0 0.9883
851.0 0.9883
852.0 0.9883
853.0 0.9883
854.0 0.9882
855.0 0.9882
856.0 0.9882
857.0 0.9882
858.0 0.9882
859.0 0.9882
860.0 0.9882
861.0 0.9882
862.0 0.9882
863.0 0.9882
864.0 0.9882
865.0 0.9882
866.0 0.9882
867.0 0.9882
868.0 0.9881
869.0 0.9881
870.0 0.9881
871.0 0.9881
872.0 0.9881
873.0 0.9881
874.0 0.9881
875.0 0.9881
876.0 0.9881
877.0 0.9881
878.0 0.9881
879.0 0.9881
880.0 0.9880
881.0 0.9880
882.0 0.9880
883.0 0.9880
884.0 0.9880
885.0 0.9880
886.0 0.9880
887.0 0.9880
888.0 0.9880
889.0 0.9880
890.0 0.9880
891.0 0.9880
892.0 0.9880
893.0 0.9880
894.0 0.9880
895.0 0.9880
896.0 0.9880
897.0 0.9880
898.0 0.9880
899.0 0.9880
900.0 0.9880
901.0 0.9880
902.0 0.9881
903.0 0.9881
904.0 0.9881
905.0 0.9881
906.0 0.9881
907.0 0.9881
908.0 0.9881
909.0 0.9881
910.0 0.9882
911.0 0.9882
912.0 0.9882
913.0 0.9882
914.0 0.9882
915.0 0.9883
916.0 0.9883
917.0 0.9883
918.0 0.9883
919.0 0.9883
920.0 0.9884
921.0 0.9884
922.0 0.9884
923.0 0.9884
924.0 0.9885
925.0 0.9885
926.0 0.9885
927.0 0.9886
928.0 0.9886
929.0 0.9886
930.0 0.9886
931.0 0.9887
932.0 0.9887
933.0 0.9887
934.0 0.9887
935.0 0.9888
936.0 0.9888
937.0 0.9888
938.0 0.9888
939.0 0.9889
940.0 0.9889
941.0 0.9889
942.0 0.9889
943.0 0.9890
944.0 0.9890
945.0 0.9890
946.0 0.9890
947.0 0.9890
948.0 0.9891
949.0 0.9891
950.0 0.9891
951.0 0.9891
952.0 0.9891
953.0 0.9891
954.0 0.9891
955.0 0.9892
956.0 0.9892
957.0 0.9892
958.0 0.9892
959.0 0.9892
960.0 0.9892
961.0 0.9892
962.0 0.9892
963.0 0.9892
964.0 0.9892
965.0 0.9892
966.0 0.9892
967.0 0.9892
968.0 0.9892
969.0 0.9892
970.0 0.9891
971.0 0.9891
972.0 0.9891
973.0 0.9891
974.0 0.9891
975.0 0.9891
976.0 0.9891
977.0 0.9890
978.0 0.9890
979.0 0.9890
980.0 0.9890
981.0 0.9889
982.0 0.9889
983.0 0.9889
984.0 0.9889
985.0 0.9888
986.0 0.9888
987.0 0.9888
988.0 0.9888
989.0 0.9887
990.0 0.9887
991.0 0.9887
992.0 0.9886
993.0 0.9886
994.0 0.9886
995.0 0.9885
996.0 0.9885
997.0 0.9885
998.0 0.9885
999.0 0.9884
1000.0 0.9884
1001.0 0.9884
1002.0 0.9883
1003.0 0.9883
1004.0 0.9883
1005.0 0.9883
1006.0 0.9882
1007.0 0.9882
1008.0 0.9882
1009.0 0.9882
1010.0 0.9881
1011.0 0.9881
1012.0 0.9881
1013.0 0.9881
1014.0 0.9881
1015.0 0.9881
1016.0 0.9881
1017.0 0.9881
1018.0 0.9881
1019.0 0.9881
1020.0 0.9880
1021.0 0.9880
1022.0 0.9881
1023.0 0.9881
1024.0 0.9881
1025.0 0.9881
1026.0 0.9881
1027.0 0.9881
1028.0 0.9881
1029.0 0.9881
1030.0 0.9882
1031.0 0.9882
1032.0 0.9882
1033.0 0.9882
1034.0 0.9883
1035.0 0.9883
1036.0 0.9883
1037.0 0.9884
1038.0 0.9884
1039.0 0.9885
1040.0 0.9885
1041.0 0.9885
1042.0 0.9886
1043.0 0.9886
1044.0 0.9887
1045.0 0.9888
1046.0 0.9888
1047.0 0.9889
1048.0 0.9889
1049.0 0.9890
1050.0 0.9890
1051.0 0.9891
1052.0 0.9892
1053.0 0.9892
1054.0 0.9893
1055.0 0.9893
1056.0 0.9894
1057.0 0.9895
1058.0 0.9895
1059.0 0.9896
1060.0 0.9896
1061.0 0.9897
1062.0 0.9898
1063.0 0.9898
1064.0 0.9899
1065.0 0.9899
1066.0 0.9899
1067.0 0.9900
1068.0 0.9900
1069.0 0.9901
1070.0 0.9901
1071.0 0.9901
1072.0 0.9901
1073.0 0.9902
1074.0 0.9902
1075.0 0.9902
1076.0 0.9902
1077.0 0.9902
1078.0 0.9901
1079.0 0.9901
1080.0 0.9901
1081.0 0.9900
1082.0 0.9900
1083.0 0.9899
1084.0 0.9899
1085.0 0.9898
1086.0 0.9897
1087.0 0.9896
1088.0 0.9895
1089.0 0.9894
1090.0 0.9892
1091.0 0.9891
1092.0 0.9889
1093.0 0.9887
1094.0 0.9885
1095.0 0.9883
1096.0 0.9881
1097.0 0.9879
1098.0 0.9876
1099.0 0.9873
1100.0 0.9870
