# Data from LCA-18, V24
# File name: LCA-18_Throughput_Budget_2016-07-29.xlsx
# tab: Performance summary, col: R

300.0 0.9887
301.0 0.9886
302.0 0.9884
303.0 0.9883
304.0 0.9882
305.0 0.9881
306.0 0.9883
307.0 0.9886
308.0 0.9888
309.0 0.9890
310.0 0.9893
311.0 0.9895
312.0 0.9897
313.0 0.9900
314.0 0.9902
315.0 0.9905
316.0 0.9903
317.0 0.9902
318.0 0.9901
319.0 0.9900
320.0 0.9899
321.0 0.9900
322.0 0.9901
323.0 0.9902
324.0 0.9903
325.0 0.9905
326.0 0.9905
327.0 0.9905
328.0 0.9905
329.0 0.9905
330.0 0.9905
331.0 0.9906
332.0 0.9907
333.0 0.9908
334.0 0.9909
335.0 0.9910
336.0 0.9916
337.0 0.9922
338.0 0.9928
339.0 0.9934
340.0 0.9940
341.0 0.9945
342.0 0.9950
343.0 0.9955
344.0 0.9959
345.0 0.9964
346.0 0.9967
347.0 0.9969
348.0 0.9971
349.0 0.9974
350.0 0.9976
351.0 0.9975
352.0 0.9974
353.0 0.9972
354.0 0.9971
355.0 0.9970
356.0 0.9970
357.0 0.9970
358.0 0.9970
359.0 0.9970
360.0 0.9970
361.0 0.9971
362.0 0.9972
363.0 0.9974
364.0 0.9975
365.0 0.9976
366.0 0.9977
367.0 0.9978
368.0 0.9980
369.0 0.9981
370.0 0.9982
371.0 0.9981
372.0 0.9980
373.0 0.9978
374.0 0.9977
375.0 0.9976
376.0 0.9977
377.0 0.9978
378.0 0.9980
379.0 0.9981
380.0 0.9982
381.0 0.9983
382.0 0.9984
383.0 0.9986
384.0 0.9987
385.0 0.9988
386.0 0.9988
387.0 0.9988
388.0 0.9988
389.0 0.9988
390.0 0.9988
391.0 0.9989
392.0 0.9990
393.0 0.9992
394.0 0.9993
395.0 0.9994
396.0 0.9996
397.0 0.9999
398.0 1.0000
399.0 1.0000
400.0 1.0000
401.0 1.0000
402.0 1.0000
403.0 1.0000
404.0 1.0000
405.0 1.0000
406.0 1.0000
407.0 1.0000
408.0 1.0000
409.0 1.0000
410.0 1.0000
411.0 1.0000
412.0 1.0000
413.0 1.0000
414.0 1.0000
415.0 1.0000
416.0 1.0000
417.0 1.0000
418.0 1.0000
419.0 1.0000
420.0 1.0000
421.0 1.0000
422.0 1.0000
423.0 1.0000
424.0 1.0000
425.0 1.0000
426.0 1.0000
427.0 1.0000
428.0 1.0000
429.0 1.0000
430.0 1.0000
431.0 1.0000
432.0 1.0000
433.0 1.0000
434.0 1.0000
435.0 1.0000
436.0 0.9999
437.0 0.9998
438.0 0.9996
439.0 0.9995
440.0 0.9994
441.0 0.9994
442.0 0.9994
443.0 0.9994
444.0 0.9994
445.0 0.9994
446.0 0.9994
447.0 0.9994
448.0 0.9994
449.0 0.9994
450.0 0.9994
451.0 0.9993
452.0 0.9992
453.0 0.9990
454.0 0.9989
455.0 0.9988
456.0 0.9988
457.0 0.9988
458.0 0.9988
459.0 0.9988
460.0 0.9988
461.0 0.9987
462.0 0.9986
463.0 0.9984
464.0 0.9983
465.0 0.9982
466.0 0.9982
467.0 0.9982
468.0 0.9982
469.0 0.9982
470.0 0.9982
471.0 0.9982
472.0 0.9982
473.0 0.9982
474.0 0.9982
475.0 0.9982
476.0 0.9982
477.0 0.9982
478.0 0.9982
479.0 0.9982
480.0 0.9982
481.0 0.9982
482.0 0.9982
483.0 0.9982
484.0 0.9982
485.0 0.9982
486.0 0.9981
487.0 0.9980
488.0 0.9978
489.0 0.9977
490.0 0.9976
491.0 0.9976
492.0 0.9976
493.0 0.9976
494.0 0.9976
495.0 0.9976
496.0 0.9976
497.0 0.9976
498.0 0.9976
499.0 0.9976
500.0 0.9976
501.0 0.9976
502.0 0.9976
503.0 0.9976
504.0 0.9976
505.0 0.9976
506.0 0.9975
507.0 0.9974
508.0 0.9972
509.0 0.9971
510.0 0.9970
511.0 0.9970
512.0 0.9970
513.0 0.9970
514.0 0.9970
515.0 0.9970
516.0 0.9970
517.0 0.9970
518.0 0.9970
519.0 0.9970
520.0 0.9970
521.0 0.9970
522.0 0.9970
523.0 0.9970
524.0 0.9970
525.0 0.9970
526.0 0.9970
527.0 0.9970
528.0 0.9970
529.0 0.9970
530.0 0.9970
531.0 0.9970
532.0 0.9970
533.0 0.9970
534.0 0.9970
535.0 0.9970
536.0 0.9970
537.0 0.9970
538.0 0.9970
539.0 0.9970
540.0 0.9970
541.0 0.9969
542.0 0.9968
543.0 0.9967
544.0 0.9965
545.0 0.9964
546.0 0.9964
547.0 0.9964
548.0 0.9964
549.0 0.9964
550.0 0.9964
551.0 0.9964
552.0 0.9964
553.0 0.9964
554.0 0.9964
555.0 0.9964
556.0 0.9964
557.0 0.9964
558.0 0.9964
559.0 0.9964
560.0 0.9964
561.0 0.9964
562.0 0.9964
563.0 0.9964
564.0 0.9964
565.0 0.9964
566.0 0.9964
567.0 0.9964
568.0 0.9964
569.0 0.9964
570.0 0.9964
571.0 0.9964
572.0 0.9964
573.0 0.9964
574.0 0.9964
575.0 0.9964
576.0 0.9964
577.0 0.9964
578.0 0.9964
579.0 0.9964
580.0 0.9964
581.0 0.9964
582.0 0.9964
583.0 0.9964
584.0 0.9964
585.0 0.9964
586.0 0.9965
587.0 0.9967
588.0 0.9968
589.0 0.9969
590.0 0.9970
591.0 0.9969
592.0 0.9968
593.0 0.9967
594.0 0.9965
595.0 0.9964
596.0 0.9965
597.0 0.9967
598.0 0.9968
599.0 0.9969
600.0 0.9970
601.0 0.9969
602.0 0.9968
603.0 0.9967
604.0 0.9965
605.0 0.9964
606.0 0.9964
607.0 0.9964
608.0 0.9964
609.0 0.9964
610.0 0.9964
611.0 0.9964
612.0 0.9964
613.0 0.9964
614.0 0.9964
615.0 0.9964
616.0 0.9964
617.0 0.9964
618.0 0.9964
619.0 0.9964
620.0 0.9964
621.0 0.9964
622.0 0.9964
623.0 0.9964
624.0 0.9964
625.0 0.9964
626.0 0.9965
627.0 0.9967
628.0 0.9968
629.0 0.9969
630.0 0.9970
631.0 0.9969
632.0 0.9968
633.0 0.9967
634.0 0.9965
635.0 0.9964
636.0 0.9964
637.0 0.9964
638.0 0.9964
639.0 0.9964
640.0 0.9964
641.0 0.9964
642.0 0.9964
643.0 0.9964
644.0 0.9964
645.0 0.9964
646.0 0.9964
647.0 0.9964
648.0 0.9964
649.0 0.9964
650.0 0.9964
651.0 0.9963
652.0 0.9962
653.0 0.9961
654.0 0.9959
655.0 0.9958
656.0 0.9958
657.0 0.9958
658.0 0.9958
659.0 0.9958
660.0 0.9958
661.0 0.9958
662.0 0.9958
663.0 0.9958
664.0 0.9958
665.0 0.9958
666.0 0.9957
667.0 0.9956
668.0 0.9955
669.0 0.9953
670.0 0.9952
671.0 0.9952
672.0 0.9952
673.0 0.9952
674.0 0.9952
675.0 0.9952
676.0 0.9952
677.0 0.9952
678.0 0.9952
679.0 0.9952
680.0 0.9952
681.0 0.9952
682.0 0.9952
683.0 0.9952
684.0 0.9952
685.0 0.9952
686.0 0.9951
687.0 0.9950
688.0 0.9949
689.0 0.9947
690.0 0.9946
691.0 0.9946
692.0 0.9946
693.0 0.9946
694.0 0.9946
695.0 0.9946
696.0 0.9946
697.0 0.9946
698.0 0.9946
699.0 0.9946
700.0 0.9946
701.0 0.9946
702.0 0.9946
703.0 0.9946
704.0 0.9946
705.0 0.9946
706.0 0.9946
707.0 0.9946
708.0 0.9946
709.0 0.9946
710.0 0.9946
711.0 0.9946
712.0 0.9946
713.0 0.9946
714.0 0.9946
715.0 0.9946
716.0 0.9945
717.0 0.9944
718.0 0.9943
719.0 0.9941
720.0 0.9940
721.0 0.9939
722.0 0.9938
723.0 0.9937
724.0 0.9935
725.0 0.9934
726.0 0.9934
727.0 0.9934
728.0 0.9934
729.0 0.9934
730.0 0.9934
731.0 0.9935
732.0 0.9937
733.0 0.9938
734.0 0.9939
735.0 0.9940
736.0 0.9940
737.0 0.9940
738.0 0.9940
739.0 0.9940
740.0 0.9940
741.0 0.9940
742.0 0.9940
743.0 0.9940
744.0 0.9940
745.0 0.9940
746.0 0.9940
747.0 0.9940
748.0 0.9940
749.0 0.9940
750.0 0.9940
751.0 0.9940
752.0 0.9940
753.0 0.9940
754.0 0.9940
755.0 0.9940
756.0 0.9941
757.0 0.9943
758.0 0.9944
759.0 0.9945
760.0 0.9946
761.0 0.9946
762.0 0.9946
763.0 0.9946
764.0 0.9946
765.0 0.9946
766.0 0.9946
767.0 0.9946
768.0 0.9946
769.0 0.9946
770.0 0.9946
771.0 0.9947
772.0 0.9949
773.0 0.9950
774.0 0.9951
775.0 0.9952
776.0 0.9952
777.0 0.9952
778.0 0.9952
779.0 0.9952
780.0 0.9952
781.0 0.9952
782.0 0.9952
783.0 0.9952
784.0 0.9952
785.0 0.9952
786.0 0.9952
787.0 0.9952
788.0 0.9952
789.0 0.9952
790.0 0.9952
791.0 0.9952
792.0 0.9952
793.0 0.9952
794.0 0.9952
795.0 0.9952
796.0 0.9952
797.0 0.9952
798.0 0.9952
799.0 0.9952
800.0 0.9952
801.0 0.9952
802.0 0.9952
803.0 0.9952
804.0 0.9952
805.0 0.9952
806.0 0.9952
807.0 0.9952
808.0 0.9952
809.0 0.9952
810.0 0.9952
811.0 0.9952
812.0 0.9952
813.0 0.9952
814.0 0.9952
815.0 0.9952
816.0 0.9952
817.0 0.9952
818.0 0.9952
819.0 0.9952
820.0 0.9952
821.0 0.9952
822.0 0.9952
823.0 0.9952
824.0 0.9952
825.0 0.9952
826.0 0.9952
827.0 0.9952
828.0 0.9952
829.0 0.9952
830.0 0.9952
831.0 0.9952
832.0 0.9952
833.0 0.9952
834.0 0.9952
835.0 0.9952
836.0 0.9951
837.0 0.9950
838.0 0.9949
839.0 0.9947
840.0 0.9946
841.0 0.9945
842.0 0.9944
843.0 0.9943
844.0 0.9941
845.0 0.9940
846.0 0.9941
847.0 0.9943
848.0 0.9944
849.0 0.9945
850.0 0.9946
851.0 0.9945
852.0 0.9944
853.0 0.9943
854.0 0.9941
855.0 0.9940
856.0 0.9941
857.0 0.9943
858.0 0.9944
859.0 0.9945
860.0 0.9946
861.0 0.9945
862.0 0.9944
863.0 0.9943
864.0 0.9941
865.0 0.9940
866.0 0.9941
867.0 0.9943
868.0 0.9944
869.0 0.9945
870.0 0.9946
871.0 0.9943
872.0 0.9939
873.0 0.9935
874.0 0.9932
875.0 0.9928
876.0 0.9928
877.0 0.9928
878.0 0.9928
879.0 0.9928
880.0 0.9928
881.0 0.9931
882.0 0.9933
883.0 0.9935
884.0 0.9938
885.0 0.9940
886.0 0.9944
887.0 0.9947
888.0 0.9951
889.0 0.9955
890.0 0.9958
891.0 0.9953
892.0 0.9949
893.0 0.9944
894.0 0.9939
895.0 0.9934
896.0 0.9940
897.0 0.9946
898.0 0.9952
899.0 0.9958
900.0 0.9964
901.0 0.9961
902.0 0.9957
903.0 0.9953
904.0 0.9950
905.0 0.9946
906.0 0.9945
907.0 0.9944
908.0 0.9943
909.0 0.9941
910.0 0.9940
911.0 0.9940
912.0 0.9940
913.0 0.9940
914.0 0.9940
915.0 0.9940
916.0 0.9939
917.0 0.9938
918.0 0.9937
919.0 0.9935
920.0 0.9934
921.0 0.9932
922.0 0.9930
923.0 0.9927
924.0 0.9925
925.0 0.9922
926.0 0.9915
927.0 0.9908
928.0 0.9901
929.0 0.9894
930.0 0.9887
931.0 0.9874
932.0 0.9861
933.0 0.9848
934.0 0.9835
935.0 0.9822
936.0 0.9812
937.0 0.9803
938.0 0.9793
939.0 0.9784
940.0 0.9775
941.0 0.9777
942.0 0.9779
943.0 0.9782
944.0 0.9784
945.0 0.9786
946.0 0.9795
947.0 0.9803
948.0 0.9811
949.0 0.9819
950.0 0.9828
951.0 0.9835
952.0 0.9842
953.0 0.9849
954.0 0.9856
955.0 0.9863
956.0 0.9868
957.0 0.9872
958.0 0.9877
959.0 0.9882
960.0 0.9887
961.0 0.9890
962.0 0.9894
963.0 0.9897
964.0 0.9901
965.0 0.9905
966.0 0.9907
967.0 0.9909
968.0 0.9912
969.0 0.9914
970.0 0.9916
971.0 0.9918
972.0 0.9919
973.0 0.9920
974.0 0.9921
975.0 0.9922
976.0 0.9924
977.0 0.9925
978.0 0.9926
979.0 0.9927
980.0 0.9928
981.0 0.9930
982.0 0.9931
983.0 0.9932
984.0 0.9933
985.0 0.9934
986.0 0.9933
987.0 0.9932
988.0 0.9931
989.0 0.9930
990.0 0.9928
991.0 0.9928
992.0 0.9928
993.0 0.9928
994.0 0.9928
995.0 0.9928
996.0 0.9930
997.0 0.9931
998.0 0.9932
999.0 0.9933
1000.0 0.9934
1001.0 0.9934
1002.0 0.9934
1003.0 0.9934
1004.0 0.9934
1005.0 0.9934
1006.0 0.9933
1007.0 0.9932
1008.0 0.9931
1009.0 0.9930
1010.0 0.9928
1011.0 0.9930
1012.0 0.9931
1013.0 0.9932
1014.0 0.9933
1015.0 0.9934
1016.0 0.9934
1017.0 0.9934
1018.0 0.9934
1019.0 0.9934
1020.0 0.9934
1021.0 0.9934
1022.0 0.9934
1023.0 0.9934
1024.0 0.9934
1025.0 0.9934
1026.0 0.9933
1027.0 0.9932
1028.0 0.9931
1029.0 0.9930
1030.0 0.9928
1031.0 0.9930
1032.0 0.9931
1033.0 0.9932
1034.0 0.9933
1035.0 0.9934
1036.0 0.9934
1037.0 0.9934
1038.0 0.9934
1039.0 0.9934
1040.0 0.9934
1041.0 0.9934
1042.0 0.9934
1043.0 0.9934
1044.0 0.9934
1045.0 0.9934
1046.0 0.9933
1047.0 0.9932
1048.0 0.9931
1049.0 0.9930
1050.0 0.9928
1051.0 0.9928
1052.0 0.9928
1053.0 0.9928
1054.0 0.9928
1055.0 0.9928
1056.0 0.9928
1057.0 0.9928
1058.0 0.9928
1059.0 0.9928
1060.0 0.9928
1061.0 0.9928
1062.0 0.9928
1063.0 0.9928
1064.0 0.9928
1065.0 0.9928
1066.0 0.9928
1067.0 0.9928
1068.0 0.9928
1069.0 0.9928
1070.0 0.9928
1071.0 0.9928
1072.0 0.9928
1073.0 0.9928
1074.0 0.9928
1075.0 0.9928
1076.0 0.9928
1077.0 0.9928
1078.0 0.9928
1079.0 0.9928
1080.0 0.9928
1081.0 0.9927
1082.0 0.9926
1083.0 0.9925
1084.0 0.9924
1085.0 0.9922
1086.0 0.9922
1087.0 0.9922
1088.0 0.9922
1089.0 0.9922
1090.0 0.9922
1091.0 0.9922
1092.0 0.9922
1093.0 0.9922
1094.0 0.9922
1095.0 0.9922
1096.0 0.9922
1097.0 0.9922
1098.0 0.9922
1099.0 0.9922
1100.0 0.9922
