300.0 0.433
301.0 0.434
302.0 0.435
303.0 0.436
304.0 0.437
305.0 0.439
306.0 0.440
307.0 0.441
308.0 0.443
309.0 0.444
310.0 0.446
311.0 0.448
312.0 0.449
313.0 0.451
314.0 0.453
315.0 0.455
316.0 0.457
317.0 0.459
318.0 0.461
319.0 0.464
320.0 0.466
321.0 0.468
322.0 0.471
323.0 0.474
324.0 0.476
325.0 0.479
326.0 0.482
327.0 0.485
328.0 0.488
329.0 0.491
330.0 0.494
331.0 0.497
332.0 0.500
333.0 0.503
334.0 0.507
335.0 0.510
336.0 0.514
337.0 0.517
338.0 0.521
339.0 0.525
340.0 0.529
341.0 0.533
342.0 0.537
343.0 0.541
344.0 0.545
345.0 0.550
346.0 0.554
347.0 0.559
348.0 0.564
349.0 0.568
350.0 0.573
351.0 0.579
352.0 0.584
353.0 0.589
354.0 0.595
355.0 0.601
356.0 0.606
357.0 0.612
358.0 0.619
359.0 0.625
360.0 0.631
361.0 0.638
362.0 0.645
363.0 0.651
364.0 0.658
365.0 0.666
366.0 0.673
367.0 0.680
368.0 0.688
369.0 0.696
370.0 0.704
371.0 0.712
372.0 0.720
373.0 0.729
374.0 0.737
375.0 0.745
376.0 0.753
377.0 0.762
378.0 0.770
379.0 0.778
380.0 0.786
381.0 0.793
382.0 0.801
383.0 0.808
384.0 0.815
385.0 0.821
386.0 0.827
387.0 0.833
388.0 0.838
389.0 0.843
390.0 0.848
391.0 0.852
392.0 0.855
393.0 0.858
394.0 0.861
395.0 0.864
396.0 0.866
397.0 0.867
398.0 0.869
399.0 0.870
400.0 0.871
401.0 0.872
402.0 0.873
403.0 0.873
404.0 0.873
405.0 0.874
406.0 0.874
407.0 0.874
408.0 0.874
409.0 0.874
410.0 0.874
411.0 0.874
412.0 0.874
413.0 0.873
414.0 0.873
415.0 0.873
416.0 0.873
417.0 0.872
418.0 0.872
419.0 0.872
420.0 0.871
421.0 0.871
422.0 0.870
423.0 0.870
424.0 0.869
425.0 0.869
426.0 0.868
427.0 0.867
428.0 0.867
429.0 0.866
430.0 0.866
431.0 0.865
432.0 0.864
433.0 0.864
434.0 0.863
435.0 0.862
436.0 0.862
437.0 0.861
438.0 0.860
439.0 0.860
440.0 0.859
441.0 0.858
442.0 0.858
443.0 0.857
444.0 0.856
445.0 0.856
446.0 0.855
447.0 0.854
448.0 0.854
449.0 0.853
450.0 0.853
451.0 0.852
452.0 0.852
453.0 0.851
454.0 0.851
455.0 0.850
456.0 0.850
457.0 0.849
458.0 0.849
459.0 0.849
460.0 0.848
461.0 0.848
462.0 0.848
463.0 0.847
464.0 0.847
465.0 0.847
466.0 0.846
467.0 0.846
468.0 0.846
469.0 0.846
470.0 0.845
471.0 0.845
472.0 0.845
473.0 0.845
474.0 0.845
475.0 0.845
476.0 0.844
477.0 0.844
478.0 0.844
479.0 0.844
480.0 0.844
481.0 0.844
482.0 0.844
483.0 0.844
484.0 0.844
485.0 0.844
486.0 0.844
487.0 0.844
488.0 0.844
489.0 0.844
490.0 0.843
491.0 0.843
492.0 0.843
493.0 0.843
494.0 0.843
495.0 0.843
496.0 0.843
497.0 0.844
498.0 0.844
499.0 0.844
500.0 0.844
501.0 0.844
502.0 0.844
503.0 0.844
504.0 0.844
505.0 0.844
506.0 0.844
507.0 0.844
508.0 0.844
509.0 0.844
510.0 0.844
511.0 0.844
512.0 0.844
513.0 0.844
514.0 0.844
515.0 0.844
516.0 0.845
517.0 0.845
518.0 0.845
519.0 0.845
520.0 0.845
521.0 0.845
522.0 0.845
523.0 0.845
524.0 0.846
525.0 0.846
526.0 0.846
527.0 0.846
528.0 0.846
529.0 0.846
530.0 0.847
531.0 0.847
532.0 0.847
533.0 0.847
534.0 0.847
535.0 0.848
536.0 0.848
537.0 0.848
538.0 0.848
539.0 0.849
540.0 0.849
541.0 0.849
542.0 0.850
543.0 0.850
544.0 0.850
545.0 0.850
546.0 0.851
547.0 0.851
548.0 0.852
549.0 0.852
550.0 0.852
551.0 0.853
552.0 0.853
553.0 0.854
554.0 0.854
555.0 0.854
556.0 0.855
557.0 0.855
558.0 0.856
559.0 0.856
560.0 0.857
561.0 0.857
562.0 0.858
563.0 0.858
564.0 0.859
565.0 0.859
566.0 0.860
567.0 0.860
568.0 0.861
569.0 0.861
570.0 0.862
571.0 0.863
572.0 0.863
573.0 0.864
574.0 0.864
575.0 0.865
576.0 0.866
577.0 0.866
578.0 0.867
579.0 0.867
580.0 0.868
581.0 0.869
582.0 0.869
583.0 0.870
584.0 0.871
585.0 0.871
586.0 0.872
587.0 0.872
588.0 0.873
589.0 0.874
590.0 0.874
591.0 0.875
592.0 0.876
593.0 0.876
594.0 0.877
595.0 0.878
596.0 0.878
597.0 0.879
598.0 0.880
599.0 0.880
600.0 0.881
601.0 0.882
602.0 0.882
603.0 0.883
604.0 0.884
605.0 0.885
606.0 0.885
607.0 0.886
608.0 0.887
609.0 0.887
610.0 0.888
611.0 0.889
612.0 0.889
613.0 0.890
614.0 0.891
615.0 0.891
616.0 0.892
617.0 0.893
618.0 0.893
619.0 0.894
620.0 0.894
621.0 0.895
622.0 0.896
623.0 0.896
624.0 0.897
625.0 0.898
626.0 0.898
627.0 0.899
628.0 0.899
629.0 0.900
630.0 0.901
631.0 0.901
632.0 0.902
633.0 0.903
634.0 0.903
635.0 0.904
636.0 0.904
637.0 0.905
638.0 0.905
639.0 0.906
640.0 0.907
641.0 0.907
642.0 0.908
643.0 0.908
644.0 0.909
645.0 0.909
646.0 0.910
647.0 0.910
648.0 0.911
649.0 0.912
650.0 0.912
651.0 0.913
652.0 0.913
653.0 0.914
654.0 0.914
655.0 0.915
656.0 0.915
657.0 0.916
658.0 0.916
659.0 0.917
660.0 0.917
661.0 0.918
662.0 0.918
663.0 0.919
664.0 0.919
665.0 0.920
666.0 0.920
667.0 0.921
668.0 0.921
669.0 0.922
670.0 0.922
671.0 0.923
672.0 0.923
673.0 0.924
674.0 0.924
675.0 0.924
676.0 0.925
677.0 0.925
678.0 0.926
679.0 0.926
680.0 0.927
681.0 0.927
682.0 0.927
683.0 0.928
684.0 0.928
685.0 0.929
686.0 0.929
687.0 0.930
688.0 0.930
689.0 0.930
690.0 0.931
691.0 0.931
692.0 0.932
693.0 0.932
694.0 0.932
695.0 0.933
696.0 0.933
697.0 0.933
698.0 0.934
699.0 0.934
700.0 0.935
701.0 0.935
702.0 0.935
703.0 0.936
704.0 0.936
705.0 0.936
706.0 0.937
707.0 0.937
708.0 0.937
709.0 0.938
710.0 0.938
711.0 0.938
712.0 0.939
713.0 0.939
714.0 0.939
715.0 0.940
716.0 0.940
717.0 0.940
718.0 0.940
719.0 0.941
720.0 0.941
721.0 0.941
722.0 0.942
723.0 0.942
724.0 0.942
725.0 0.942
726.0 0.943
727.0 0.943
728.0 0.943
729.0 0.943
730.0 0.944
731.0 0.944
732.0 0.944
733.0 0.944
734.0 0.944
735.0 0.945
736.0 0.945
737.0 0.945
738.0 0.945
739.0 0.945
740.0 0.945
741.0 0.946
742.0 0.946
743.0 0.946
744.0 0.946
745.0 0.946
746.0 0.946
747.0 0.946
748.0 0.947
749.0 0.947
750.0 0.947
751.0 0.947
752.0 0.947
753.0 0.947
754.0 0.947
755.0 0.947
756.0 0.947
757.0 0.947
758.0 0.947
759.0 0.947
760.0 0.948
761.0 0.948
762.0 0.948
763.0 0.948
764.0 0.948
765.0 0.948
766.0 0.948
767.0 0.948
768.0 0.948
769.0 0.948
770.0 0.948
771.0 0.948
772.0 0.948
773.0 0.948
774.0 0.948
775.0 0.948
776.0 0.948
777.0 0.948
778.0 0.948
779.0 0.948
780.0 0.948
781.0 0.949
782.0 0.949
783.0 0.949
784.0 0.949
785.0 0.949
786.0 0.949
787.0 0.949
788.0 0.949
789.0 0.949
790.0 0.949
791.0 0.949
792.0 0.950
793.0 0.950
794.0 0.950
795.0 0.950
796.0 0.950
797.0 0.950
798.0 0.951
799.0 0.951
800.0 0.951
801.0 0.951
802.0 0.951
803.0 0.952
804.0 0.952
805.0 0.952
806.0 0.952
807.0 0.953
808.0 0.953
809.0 0.953
810.0 0.953
811.0 0.953
812.0 0.954
813.0 0.954
814.0 0.954
815.0 0.954
816.0 0.954
817.0 0.954
818.0 0.955
819.0 0.955
820.0 0.955
821.0 0.955
822.0 0.955
823.0 0.955
824.0 0.955
825.0 0.955
826.0 0.955
827.0 0.955
828.0 0.955
829.0 0.954
830.0 0.954
831.0 0.954
832.0 0.954
833.0 0.953
834.0 0.953
835.0 0.953
836.0 0.952
837.0 0.952
838.0 0.951
839.0 0.951
840.0 0.950
841.0 0.949
842.0 0.948
843.0 0.948
844.0 0.947
845.0 0.946
846.0 0.945
847.0 0.944
848.0 0.943
849.0 0.942
850.0 0.941
851.0 0.939
852.0 0.938
853.0 0.937
854.0 0.935
855.0 0.934
856.0 0.932
857.0 0.931
858.0 0.929
859.0 0.927
860.0 0.926
861.0 0.924
862.0 0.922
863.0 0.920
864.0 0.918
865.0 0.916
866.0 0.914
867.0 0.912
868.0 0.910
869.0 0.908
870.0 0.905
871.0 0.903
872.0 0.901
873.0 0.898
874.0 0.896
875.0 0.893
876.0 0.891
877.0 0.888
878.0 0.885
879.0 0.883
880.0 0.880
881.0 0.877
882.0 0.874
883.0 0.871
884.0 0.868
885.0 0.865
886.0 0.862
887.0 0.859
888.0 0.856
889.0 0.853
890.0 0.850
891.0 0.846
892.0 0.843
893.0 0.840
894.0 0.836
895.0 0.833
896.0 0.829
897.0 0.826
898.0 0.822
899.0 0.819
900.0 0.815
901.0 0.812
902.0 0.808
903.0 0.804
904.0 0.800
905.0 0.797
906.0 0.793
907.0 0.789
908.0 0.785
909.0 0.781
910.0 0.777
911.0 0.773
912.0 0.769
913.0 0.765
914.0 0.761
915.0 0.757
916.0 0.752
917.0 0.748
918.0 0.744
919.0 0.740
920.0 0.736
921.0 0.731
922.0 0.727
923.0 0.723
924.0 0.718
925.0 0.714
926.0 0.709
927.0 0.705
928.0 0.700
929.0 0.696
930.0 0.691
931.0 0.687
932.0 0.682
933.0 0.678
934.0 0.673
935.0 0.668
936.0 0.664
937.0 0.659
938.0 0.654
939.0 0.650
940.0 0.645
941.0 0.640
942.0 0.635
943.0 0.630
944.0 0.626
945.0 0.621
946.0 0.616
947.0 0.611
948.0 0.606
949.0 0.601
950.0 0.597
951.0 0.592
952.0 0.587
953.0 0.582
954.0 0.577
955.0 0.572
956.0 0.567
957.0 0.562
958.0 0.557
959.0 0.552
960.0 0.547
961.0 0.542
962.0 0.537
963.0 0.532
964.0 0.527
965.0 0.522
966.0 0.517
967.0 0.512
968.0 0.507
969.0 0.502
970.0 0.497
971.0 0.491
972.0 0.485
973.0 0.478
974.0 0.471
975.0 0.464
976.0 0.457
977.0 0.449
978.0 0.442
979.0 0.434
980.0 0.426
981.0 0.418
982.0 0.410
983.0 0.402
984.0 0.394
985.0 0.386
986.0 0.378
987.0 0.371
988.0 0.364
989.0 0.357
990.0 0.350
991.0 0.344
992.0 0.338
993.0 0.332
994.0 0.327
995.0 0.321
996.0 0.315
997.0 0.310
998.0 0.304
999.0 0.298
1000.0 0.292
1001.0 0.285
1002.0 0.279
1003.0 0.272
1004.0 0.265
1005.0 0.258
1006.0 0.250
1007.0 0.243
1008.0 0.235
1009.0 0.228
1010.0 0.221
1011.0 0.214
1012.0 0.207
1013.0 0.200
1014.0 0.194
1015.0 0.188
1016.0 0.182
1017.0 0.176
1018.0 0.170
1019.0 0.165
1020.0 0.160
1021.0 0.154
1022.0 0.149
1023.0 0.143
1024.0 0.138
1025.0 0.132
1026.0 0.127
1027.0 0.121
1028.0 0.116
1029.0 0.111
1030.0 0.105
1031.0 0.100
1032.0 0.095
1033.0 0.090
1034.0 0.085
1035.0 0.081
1036.0 0.077
1037.0 0.073
1038.0 0.069
1039.0 0.066
1040.0 0.063
1041.0 0.060
1042.0 0.058
1043.0 0.055
1044.0 0.053
1045.0 0.051
1046.0 0.049
1047.0 0.048
1048.0 0.046
1049.0 0.044
1050.0 0.043
1051.0 0.041
1052.0 0.040
1053.0 0.038
1054.0 0.037
1055.0 0.036
1056.0 0.034
1057.0 0.033
1058.0 0.032
1059.0 0.031
1060.0 0.030
1061.0 0.029
1062.0 0.028
1063.0 0.027
1064.0 0.026
1065.0 0.025
1066.0 0.024
1067.0 0.023
1068.0 0.023
1069.0 0.022
1070.0 0.021
1071.0 0.021
1072.0 0.020
1073.0 0.019
1074.0 0.018
1075.0 0.018
1076.0 0.017
1077.0 0.017
1078.0 0.016
1079.0 0.015
1080.0 0.015
1081.0 0.014
1082.0 0.013
1083.0 0.013
1084.0 0.012
1085.0 0.012
1086.0 0.011
1087.0 0.010
1088.0 0.010
1089.0 0.009
1090.0 0.008
1091.0 0.008
1092.0 0.007
1093.0 0.006
1094.0 0.005
1095.0 0.004
1096.0 0.004
1097.0 0.003
1098.0 0.002
1099.0 0.001
1100.0 0.000
