300.0 0.9910
301.0 0.9909
302.0 0.9908
303.0 0.9907
304.0 0.9906
305.0 0.9905
306.0 0.9907
307.0 0.9909
308.0 0.9911
309.0 0.9913
310.0 0.9915
311.0 0.9917
312.0 0.9919
313.0 0.9920
314.0 0.9922
315.0 0.9924
316.0 0.9923
317.0 0.9922
318.0 0.9921
319.0 0.9920
320.0 0.9919
321.0 0.9920
322.0 0.9921
323.0 0.9922
324.0 0.9923
325.0 0.9924
326.0 0.9924
327.0 0.9924
328.0 0.9924
329.0 0.9924
330.0 0.9924
331.0 0.9925
332.0 0.9926
333.0 0.9927
334.0 0.9928
335.0 0.9929
336.0 0.9934
337.0 0.9938
338.0 0.9943
339.0 0.9948
340.0 0.9953
341.0 0.9956
342.0 0.9960
343.0 0.9964
344.0 0.9968
345.0 0.9972
346.0 0.9973
347.0 0.9975
348.0 0.9977
349.0 0.9979
350.0 0.9981
351.0 0.9980
352.0 0.9979
353.0 0.9978
354.0 0.9977
355.0 0.9976
356.0 0.9976
357.0 0.9976
358.0 0.9976
359.0 0.9976
360.0 0.9976
361.0 0.9977
362.0 0.9978
363.0 0.9979
364.0 0.9980
365.0 0.9981
366.0 0.9982
367.0 0.9983
368.0 0.9984
369.0 0.9985
370.0 0.9986
371.0 0.9985
372.0 0.9984
373.0 0.9983
374.0 0.9982
375.0 0.9981
376.0 0.9982
377.0 0.9983
378.0 0.9984
379.0 0.9985
380.0 0.9986
381.0 0.9987
382.0 0.9988
383.0 0.9989
384.0 0.9990
385.0 0.9990
386.0 0.9990
387.0 0.9990
388.0 0.9990
389.0 0.9990
390.0 0.9990
391.0 0.9991
392.0 0.9992
393.0 0.9993
394.0 0.9994
395.0 0.9995
396.0 0.9997
397.0 0.9999
398.0 1.0000
399.0 1.0000
400.0 1.0000
401.0 1.0000
402.0 1.0000
403.0 1.0000
404.0 1.0000
405.0 1.0000
406.0 1.0000
407.0 1.0000
408.0 1.0000
409.0 1.0000
410.0 1.0000
411.0 1.0000
412.0 1.0000
413.0 1.0000
414.0 1.0000
415.0 1.0000
416.0 1.0000
417.0 1.0000
418.0 1.0000
419.0 1.0000
420.0 1.0000
421.0 1.0000
422.0 1.0000
423.0 1.0000
424.0 1.0000
425.0 1.0000
426.0 1.0000
427.0 1.0000
428.0 1.0000
429.0 1.0000
430.0 1.0000
431.0 1.0000
432.0 1.0000
433.0 1.0000
434.0 1.0000
435.0 1.0000
436.0 0.9999
437.0 0.9998
438.0 0.9997
439.0 0.9996
440.0 0.9995
441.0 0.9995
442.0 0.9995
443.0 0.9995
444.0 0.9995
445.0 0.9995
446.0 0.9995
447.0 0.9995
448.0 0.9995
449.0 0.9995
450.0 0.9995
451.0 0.9994
452.0 0.9993
453.0 0.9992
454.0 0.9991
455.0 0.9990
456.0 0.9990
457.0 0.9990
458.0 0.9990
459.0 0.9990
460.0 0.9990
461.0 0.9990
462.0 0.9989
463.0 0.9988
464.0 0.9987
465.0 0.9986
466.0 0.9986
467.0 0.9986
468.0 0.9986
469.0 0.9986
470.0 0.9986
471.0 0.9986
472.0 0.9986
473.0 0.9986
474.0 0.9986
475.0 0.9986
476.0 0.9986
477.0 0.9986
478.0 0.9986
479.0 0.9986
480.0 0.9986
481.0 0.9986
482.0 0.9986
483.0 0.9986
484.0 0.9986
485.0 0.9986
486.0 0.9985
487.0 0.9984
488.0 0.9983
489.0 0.9982
490.0 0.9981
491.0 0.9981
492.0 0.9981
493.0 0.9981
494.0 0.9981
495.0 0.9981
496.0 0.9981
497.0 0.9981
498.0 0.9981
499.0 0.9981
500.0 0.9981
501.0 0.9981
502.0 0.9981
503.0 0.9981
504.0 0.9981
505.0 0.9981
506.0 0.9980
507.0 0.9979
508.0 0.9978
509.0 0.9977
510.0 0.9976
511.0 0.9976
512.0 0.9976
513.0 0.9976
514.0 0.9976
515.0 0.9976
516.0 0.9976
517.0 0.9976
518.0 0.9976
519.0 0.9976
520.0 0.9976
521.0 0.9976
522.0 0.9976
523.0 0.9976
524.0 0.9976
525.0 0.9976
526.0 0.9976
527.0 0.9976
528.0 0.9976
529.0 0.9976
530.0 0.9976
531.0 0.9976
532.0 0.9976
533.0 0.9976
534.0 0.9976
535.0 0.9976
536.0 0.9976
537.0 0.9976
538.0 0.9976
539.0 0.9976
540.0 0.9976
541.0 0.9975
542.0 0.9974
543.0 0.9973
544.0 0.9972
545.0 0.9972
546.0 0.9972
547.0 0.9972
548.0 0.9972
549.0 0.9972
550.0 0.9972
551.0 0.9972
552.0 0.9972
553.0 0.9972
554.0 0.9972
555.0 0.9972
556.0 0.9972
557.0 0.9972
558.0 0.9972
559.0 0.9972
560.0 0.9972
561.0 0.9972
562.0 0.9972
563.0 0.9972
564.0 0.9972
565.0 0.9972
566.0 0.9972
567.0 0.9972
568.0 0.9972
569.0 0.9972
570.0 0.9972
571.0 0.9972
572.0 0.9972
573.0 0.9972
574.0 0.9972
575.0 0.9972
576.0 0.9972
577.0 0.9972
578.0 0.9972
579.0 0.9972
580.0 0.9972
581.0 0.9972
582.0 0.9972
583.0 0.9972
584.0 0.9972
585.0 0.9972
586.0 0.9972
587.0 0.9973
588.0 0.9974
589.0 0.9975
590.0 0.9976
591.0 0.9975
592.0 0.9974
593.0 0.9973
594.0 0.9972
595.0 0.9972
596.0 0.9972
597.0 0.9973
598.0 0.9974
599.0 0.9975
600.0 0.9976
601.0 0.9975
602.0 0.9974
603.0 0.9973
604.0 0.9972
605.0 0.9972
606.0 0.9972
607.0 0.9972
608.0 0.9972
609.0 0.9972
610.0 0.9972
611.0 0.9972
612.0 0.9972
613.0 0.9972
614.0 0.9972
615.0 0.9972
616.0 0.9972
617.0 0.9972
618.0 0.9972
619.0 0.9972
620.0 0.9972
621.0 0.9972
622.0 0.9972
623.0 0.9972
624.0 0.9972
625.0 0.9972
626.0 0.9972
627.0 0.9973
628.0 0.9974
629.0 0.9975
630.0 0.9976
631.0 0.9975
632.0 0.9974
633.0 0.9973
634.0 0.9972
635.0 0.9972
636.0 0.9972
637.0 0.9972
638.0 0.9972
639.0 0.9972
640.0 0.9972
641.0 0.9972
642.0 0.9972
643.0 0.9972
644.0 0.9972
645.0 0.9972
646.0 0.9972
647.0 0.9972
648.0 0.9972
649.0 0.9972
650.0 0.9972
651.0 0.9971
652.0 0.9970
653.0 0.9969
654.0 0.9968
655.0 0.9967
656.0 0.9967
657.0 0.9967
658.0 0.9967
659.0 0.9967
660.0 0.9967
661.0 0.9967
662.0 0.9967
663.0 0.9967
664.0 0.9967
665.0 0.9967
666.0 0.9966
667.0 0.9965
668.0 0.9964
669.0 0.9963
670.0 0.9962
671.0 0.9962
672.0 0.9962
673.0 0.9962
674.0 0.9962
675.0 0.9962
676.0 0.9962
677.0 0.9962
678.0 0.9962
679.0 0.9962
680.0 0.9962
681.0 0.9962
682.0 0.9962
683.0 0.9962
684.0 0.9962
685.0 0.9962
686.0 0.9961
687.0 0.9960
688.0 0.9959
689.0 0.9958
690.0 0.9957
691.0 0.9957
692.0 0.9957
693.0 0.9957
694.0 0.9957
695.0 0.9957
696.0 0.9957
697.0 0.9957
698.0 0.9957
699.0 0.9957
700.0 0.9957
701.0 0.9957
702.0 0.9957
703.0 0.9957
704.0 0.9957
705.0 0.9957
706.0 0.9957
707.0 0.9957
708.0 0.9957
709.0 0.9957
710.0 0.9957
711.0 0.9957
712.0 0.9957
713.0 0.9957
714.0 0.9957
715.0 0.9957
716.0 0.9956
717.0 0.9955
718.0 0.9954
719.0 0.9954
720.0 0.9953
721.0 0.9952
722.0 0.9951
723.0 0.9950
724.0 0.9949
725.0 0.9948
726.0 0.9948
727.0 0.9948
728.0 0.9948
729.0 0.9948
730.0 0.9948
731.0 0.9949
732.0 0.9950
733.0 0.9951
734.0 0.9952
735.0 0.9953
736.0 0.9953
737.0 0.9953
738.0 0.9953
739.0 0.9953
740.0 0.9953
741.0 0.9953
742.0 0.9953
743.0 0.9953
744.0 0.9953
745.0 0.9953
746.0 0.9953
747.0 0.9953
748.0 0.9953
749.0 0.9953
750.0 0.9953
751.0 0.9953
752.0 0.9953
753.0 0.9953
754.0 0.9953
755.0 0.9953
756.0 0.9954
757.0 0.9954
758.0 0.9955
759.0 0.9956
760.0 0.9957
761.0 0.9957
762.0 0.9957
763.0 0.9957
764.0 0.9957
765.0 0.9957
766.0 0.9957
767.0 0.9957
768.0 0.9957
769.0 0.9957
770.0 0.9957
771.0 0.9958
772.0 0.9959
773.0 0.9960
774.0 0.9961
775.0 0.9962
776.0 0.9962
777.0 0.9962
778.0 0.9962
779.0 0.9962
780.0 0.9962
781.0 0.9962
782.0 0.9962
783.0 0.9962
784.0 0.9962
785.0 0.9962
786.0 0.9962
787.0 0.9962
788.0 0.9962
789.0 0.9962
790.0 0.9962
791.0 0.9962
792.0 0.9962
793.0 0.9962
794.0 0.9962
795.0 0.9962
796.0 0.9962
797.0 0.9962
798.0 0.9962
799.0 0.9962
800.0 0.9962
801.0 0.9962
802.0 0.9962
803.0 0.9962
804.0 0.9962
805.0 0.9962
806.0 0.9962
807.0 0.9962
808.0 0.9962
809.0 0.9962
810.0 0.9962
811.0 0.9962
812.0 0.9962
813.0 0.9962
814.0 0.9962
815.0 0.9962
816.0 0.9962
817.0 0.9962
818.0 0.9962
819.0 0.9962
820.0 0.9962
821.0 0.9962
822.0 0.9962
823.0 0.9962
824.0 0.9962
825.0 0.9962
826.0 0.9962
827.0 0.9962
828.0 0.9962
829.0 0.9962
830.0 0.9962
831.0 0.9962
832.0 0.9962
833.0 0.9962
834.0 0.9962
835.0 0.9962
836.0 0.9961
837.0 0.9960
838.0 0.9959
839.0 0.9958
840.0 0.9957
841.0 0.9956
842.0 0.9955
843.0 0.9954
844.0 0.9954
845.0 0.9953
846.0 0.9954
847.0 0.9954
848.0 0.9955
849.0 0.9956
850.0 0.9957
851.0 0.9956
852.0 0.9955
853.0 0.9954
854.0 0.9954
855.0 0.9953
856.0 0.9954
857.0 0.9954
858.0 0.9955
859.0 0.9956
860.0 0.9957
861.0 0.9956
862.0 0.9955
863.0 0.9954
864.0 0.9954
865.0 0.9953
866.0 0.9954
867.0 0.9954
868.0 0.9955
869.0 0.9956
870.0 0.9957
871.0 0.9954
872.0 0.9952
873.0 0.9949
874.0 0.9946
875.0 0.9943
876.0 0.9943
877.0 0.9943
878.0 0.9943
879.0 0.9943
880.0 0.9943
881.0 0.9945
882.0 0.9947
883.0 0.9949
884.0 0.9951
885.0 0.9953
886.0 0.9955
887.0 0.9958
888.0 0.9961
889.0 0.9964
890.0 0.9967
891.0 0.9963
892.0 0.9959
893.0 0.9955
894.0 0.9952
895.0 0.9948
896.0 0.9953
897.0 0.9957
898.0 0.9962
899.0 0.9967
900.0 0.9972
901.0 0.9969
902.0 0.9966
903.0 0.9963
904.0 0.9960
905.0 0.9957
906.0 0.9956
907.0 0.9955
908.0 0.9954
909.0 0.9954
910.0 0.9953
911.0 0.9953
912.0 0.9953
913.0 0.9953
914.0 0.9953
915.0 0.9953
916.0 0.9952
917.0 0.9951
918.0 0.9950
919.0 0.9949
920.0 0.9948
921.0 0.9946
922.0 0.9944
923.0 0.9942
924.0 0.9940
925.0 0.9938
926.0 0.9933
927.0 0.9927
928.0 0.9921
929.0 0.9916
930.0 0.9910
931.0 0.9900
932.0 0.9889
933.0 0.9879
934.0 0.9869
935.0 0.9858
936.0 0.9851
937.0 0.9843
938.0 0.9836
939.0 0.9828
940.0 0.9821
941.0 0.9823
942.0 0.9824
943.0 0.9826
944.0 0.9828
945.0 0.9830
946.0 0.9837
947.0 0.9843
948.0 0.9850
949.0 0.9856
950.0 0.9863
951.0 0.9869
952.0 0.9874
953.0 0.9880
954.0 0.9885
955.0 0.9891
956.0 0.9895
957.0 0.9899
958.0 0.9902
959.0 0.9906
960.0 0.9910
961.0 0.9913
962.0 0.9916
963.0 0.9919
964.0 0.9921
965.0 0.9924
966.0 0.9926
967.0 0.9928
968.0 0.9930
969.0 0.9932
970.0 0.9934
971.0 0.9935
972.0 0.9936
973.0 0.9936
974.0 0.9937
975.0 0.9938
976.0 0.9939
977.0 0.9940
978.0 0.9941
979.0 0.9942
980.0 0.9943
981.0 0.9944
982.0 0.9945
983.0 0.9946
984.0 0.9947
985.0 0.9948
986.0 0.9947
987.0 0.9946
988.0 0.9945
989.0 0.9944
990.0 0.9943
991.0 0.9943
992.0 0.9943
993.0 0.9943
994.0 0.9943
995.0 0.9943
996.0 0.9944
997.0 0.9945
998.0 0.9946
999.0 0.9947
1000.0 0.9948
1001.0 0.9948
1002.0 0.9948
1003.0 0.9948
1004.0 0.9948
1005.0 0.9948
1006.0 0.9947
1007.0 0.9946
1008.0 0.9945
1009.0 0.9944
1010.0 0.9943
1011.0 0.9944
1012.0 0.9945
1013.0 0.9946
1014.0 0.9947
1015.0 0.9948
1016.0 0.9948
1017.0 0.9948
1018.0 0.9948
1019.0 0.9948
1020.0 0.9948
1021.0 0.9948
1022.0 0.9948
1023.0 0.9948
1024.0 0.9948
1025.0 0.9948
1026.0 0.9947
1027.0 0.9946
1028.0 0.9945
1029.0 0.9944
1030.0 0.9943
1031.0 0.9944
1032.0 0.9945
1033.0 0.9946
1034.0 0.9947
1035.0 0.9948
1036.0 0.9948
1037.0 0.9948
1038.0 0.9948
1039.0 0.9948
1040.0 0.9948
1041.0 0.9948
1042.0 0.9948
1043.0 0.9948
1044.0 0.9948
1045.0 0.9948
1046.0 0.9947
1047.0 0.9946
1048.0 0.9945
1049.0 0.9944
1050.0 0.9943
1051.0 0.9943
1052.0 0.9943
1053.0 0.9943
1054.0 0.9943
1055.0 0.9943
1056.0 0.9943
1057.0 0.9943
1058.0 0.9943
1059.0 0.9943
1060.0 0.9943
1061.0 0.9943
1062.0 0.9943
1063.0 0.9943
1064.0 0.9943
1065.0 0.9943
1066.0 0.9943
1067.0 0.9943
1068.0 0.9943
1069.0 0.9943
1070.0 0.9943
1071.0 0.9943
1072.0 0.9943
1073.0 0.9943
1074.0 0.9943
1075.0 0.9943
1076.0 0.9943
1077.0 0.9943
1078.0 0.9943
1079.0 0.9943
1080.0 0.9943
1081.0 0.9942
1082.0 0.9941
1083.0 0.9940
1084.0 0.9939
1085.0 0.9938
1086.0 0.9938
1087.0 0.9938
1088.0 0.9938
1089.0 0.9938
1090.0 0.9938
1091.0 0.9938
1092.0 0.9938
1093.0 0.9938
1094.0 0.9938
1095.0 0.9938
1096.0 0.9938
1097.0 0.9938
1098.0 0.9938
1099.0 0.9938
1100.0 0.9938
