300.0 0.0
301.0 0.0
302.0 0.0
303.0 0.0
304.0 0.0
305.0 0.0
306.0 0.0
307.0 0.0
308.0 0.0
309.0 0.0
310.0 0.0
311.0 0.0
312.0 0.0
313.0 0.0
314.0 0.0
315.0 0.0
316.0 0.0
317.0 0.0
318.0 0.0
319.0 0.0
320.0 0.0
321.0 0.4739
322.0 0.477
323.0 0.4803
324.0 0.4837
325.0 0.4874
326.0 0.4912
327.0 0.4951
328.0 0.4992
329.0 0.5035
330.0 0.5079
331.0 0.5124
332.0 0.517
333.0 0.5218
334.0 0.5267
335.0 0.5317
336.0 0.5368
337.0 0.542
338.0 0.5473
339.0 0.5526
340.0 0.558
341.0 0.5635
342.0 0.5691
343.0 0.5747
344.0 0.5804
345.0 0.586
346.0 0.5918
347.0 0.5975
348.0 0.6033
349.0 0.6091
350.0 0.6149
351.0 0.6207
352.0 0.6265
353.0 0.6323
354.0 0.638
355.0 0.6438
356.0 0.6495
357.0 0.6552
358.0 0.6608
359.0 0.6664
360.0 0.6719
361.0 0.6774
362.0 0.6828
363.0 0.6882
364.0 0.6935
365.0 0.6986
366.0 0.7038
367.0 0.7088
368.0 0.7137
369.0 0.7185
370.0 0.7232
371.0 0.7278
372.0 0.7323
373.0 0.7366
374.0 0.7409
375.0 0.745
376.0 0.749
377.0 0.753
378.0 0.7568
379.0 0.7605
380.0 0.7641
381.0 0.7677
382.0 0.7711
383.0 0.7744
384.0 0.7777
385.0 0.7808
386.0 0.7839
387.0 0.7868
388.0 0.7897
389.0 0.7925
390.0 0.7952
391.0 0.7978
392.0 0.8004
393.0 0.8028
394.0 0.8052
395.0 0.8075
396.0 0.8098
397.0 0.8119
398.0 0.814
399.0 0.816
400.0 0.818
401.0 0.8199
402.0 0.8217
403.0 0.8235
404.0 0.8252
405.0 0.8268
406.0 0.8284
407.0 0.83
408.0 0.8314
409.0 0.8329
410.0 0.8342
411.0 0.8356
412.0 0.8368
413.0 0.8381
414.0 0.8393
415.0 0.8404
416.0 0.8415
417.0 0.8426
418.0 0.8436
419.0 0.8446
420.0 0.8456
421.0 0.8465
422.0 0.8474
423.0 0.8482
424.0 0.8491
425.0 0.8499
426.0 0.8506
427.0 0.8514
428.0 0.8521
429.0 0.8528
430.0 0.8534
431.0 0.8541
432.0 0.8546
433.0 0.8552
434.0 0.8558
435.0 0.8563
436.0 0.8568
437.0 0.8572
438.0 0.8577
439.0 0.8581
440.0 0.8585
441.0 0.8589
442.0 0.8592
443.0 0.8595
444.0 0.8598
445.0 0.8601
446.0 0.8604
447.0 0.8606
448.0 0.8608
449.0 0.861
450.0 0.8612
451.0 0.8614
452.0 0.8615
453.0 0.8617
454.0 0.8618
455.0 0.8618
456.0 0.8619
457.0 0.862
458.0 0.862
459.0 0.862
460.0 0.8621
461.0 0.8621
462.0 0.862
463.0 0.862
464.0 0.862
465.0 0.8619
466.0 0.8618
467.0 0.8618
468.0 0.8617
469.0 0.8616
470.0 0.8615
471.0 0.8613
472.0 0.8612
473.0 0.8611
474.0 0.8609
475.0 0.8608
476.0 0.8606
477.0 0.8604
478.0 0.8603
479.0 0.8601
480.0 0.8599
481.0 0.8597
482.0 0.8595
483.0 0.8593
484.0 0.8591
485.0 0.8589
486.0 0.8586
487.0 0.8584
488.0 0.8582
489.0 0.858
490.0 0.8578
491.0 0.8575
492.0 0.8573
493.0 0.8571
494.0 0.8569
495.0 0.8567
496.0 0.8564
497.0 0.8562
498.0 0.856
499.0 0.8558
500.0 0.8556
501.0 0.8554
502.0 0.8552
503.0 0.855
504.0 0.8548
505.0 0.8546
506.0 0.8544
507.0 0.8542
508.0 0.8541
509.0 0.8539
510.0 0.8538
511.0 0.8536
512.0 0.8535
513.0 0.8534
514.0 0.8532
515.0 0.8531
516.0 0.8531
517.0 0.853
518.0 0.8529
519.0 0.8528
520.0 0.8528
521.0 0.8528
522.0 0.8527
523.0 0.8527
524.0 0.8527
525.0 0.8527
526.0 0.8528
527.0 0.8528
528.0 0.8529
529.0 0.8529
530.0 0.853
531.0 0.8531
532.0 0.8532
533.0 0.8533
534.0 0.8534
535.0 0.8535
536.0 0.8537
537.0 0.8538
538.0 0.854
539.0 0.8542
540.0 0.8544
541.0 0.8546
542.0 0.8548
543.0 0.855
544.0 0.8552
545.0 0.8555
546.0 0.8557
547.0 0.856
548.0 0.8562
549.0 0.8565
550.0 0.8568
551.0 0.8571
552.0 0.8574
553.0 0.8577
554.0 0.858
555.0 0.8584
556.0 0.8587
557.0 0.859
558.0 0.8594
559.0 0.8598
560.0 0.8601
561.0 0.8605
562.0 0.8609
563.0 0.8613
564.0 0.8617
565.0 0.8621
566.0 0.8625
567.0 0.863
568.0 0.8634
569.0 0.8638
570.0 0.8643
571.0 0.8647
572.0 0.8652
573.0 0.8657
574.0 0.8661
575.0 0.8666
576.0 0.8671
577.0 0.8676
578.0 0.8681
579.0 0.8686
580.0 0.8691
581.0 0.8696
582.0 0.8701
583.0 0.8707
584.0 0.8712
585.0 0.8717
586.0 0.8723
587.0 0.8728
588.0 0.8734
589.0 0.8739
590.0 0.8745
591.0 0.8751
592.0 0.8756
593.0 0.8762
594.0 0.8768
595.0 0.8774
596.0 0.8779
597.0 0.8785
598.0 0.8791
599.0 0.8797
600.0 0.8803
601.0 0.8809
602.0 0.8815
603.0 0.8821
604.0 0.8827
605.0 0.8833
606.0 0.884
607.0 0.8846
608.0 0.8852
609.0 0.8858
610.0 0.8865
611.0 0.8871
612.0 0.8877
613.0 0.8883
614.0 0.889
615.0 0.8896
616.0 0.8902
617.0 0.8909
618.0 0.8915
619.0 0.8922
620.0 0.8928
621.0 0.8934
622.0 0.8941
623.0 0.8947
624.0 0.8954
625.0 0.896
626.0 0.8966
627.0 0.8973
628.0 0.8979
629.0 0.8986
630.0 0.8992
631.0 0.8998
632.0 0.9005
633.0 0.9011
634.0 0.9018
635.0 0.9024
636.0 0.903
637.0 0.9037
638.0 0.9043
639.0 0.9049
640.0 0.9056
641.0 0.9062
642.0 0.9068
643.0 0.9075
644.0 0.9081
645.0 0.9087
646.0 0.9093
647.0 0.9099
648.0 0.9105
649.0 0.9112
650.0 0.9118
651.0 0.9124
652.0 0.913
653.0 0.9136
654.0 0.9142
655.0 0.9148
656.0 0.9154
657.0 0.9159
658.0 0.9165
659.0 0.9171
660.0 0.9177
661.0 0.9183
662.0 0.9188
663.0 0.9194
664.0 0.9199
665.0 0.9205
666.0 0.921
667.0 0.9216
668.0 0.9221
669.0 0.9227
670.0 0.9232
671.0 0.9237
672.0 0.9242
673.0 0.9247
674.0 0.9252
675.0 0.9257
676.0 0.9262
677.0 0.9267
678.0 0.9272
679.0 0.9277
680.0 0.9282
681.0 0.9286
682.0 0.9291
683.0 0.9295
684.0 0.93
685.0 0.9304
686.0 0.9308
687.0 0.9313
688.0 0.9317
689.0 0.9321
690.0 0.9325
691.0 0.9329
692.0 0.9333
693.0 0.9336
694.0 0.934
695.0 0.9344
696.0 0.9347
697.0 0.9351
698.0 0.9354
699.0 0.9357
700.0 0.936
701.0 0.9363
702.0 0.9366
703.0 0.9369
704.0 0.9372
705.0 0.9375
706.0 0.9377
707.0 0.938
708.0 0.9382
709.0 0.9385
710.0 0.9387
711.0 0.9389
712.0 0.9391
713.0 0.9393
714.0 0.9395
715.0 0.9397
716.0 0.9398
717.0 0.94
718.0 0.9401
719.0 0.9403
720.0 0.9404
721.0 0.9405
722.0 0.9406
723.0 0.9407
724.0 0.9408
725.0 0.9409
726.0 0.941
727.0 0.941
728.0 0.9411
729.0 0.9412
730.0 0.9412
731.0 0.9413
732.0 0.9413
733.0 0.9413
734.0 0.9413
735.0 0.9413
736.0 0.9414
737.0 0.9414
738.0 0.9413
739.0 0.9413
740.0 0.9413
741.0 0.9413
742.0 0.9413
743.0 0.9412
744.0 0.9412
745.0 0.9411
746.0 0.9411
747.0 0.941
748.0 0.941
749.0 0.9409
750.0 0.9409
751.0 0.9408
752.0 0.9407
753.0 0.9406
754.0 0.9405
755.0 0.9405
756.0 0.9404
757.0 0.9403
758.0 0.9402
759.0 0.9401
760.0 0.94
761.0 0.9399
762.0 0.9398
763.0 0.9397
764.0 0.9395
765.0 0.9394
766.0 0.9393
767.0 0.9392
768.0 0.9391
769.0 0.939
770.0 0.9388
771.0 0.9387
772.0 0.9386
773.0 0.9385
774.0 0.9383
775.0 0.9382
776.0 0.9381
777.0 0.9379
778.0 0.9378
779.0 0.9377
780.0 0.9376
781.0 0.9374
782.0 0.9373
783.0 0.9372
784.0 0.937
785.0 0.9369
786.0 0.9368
787.0 0.9367
788.0 0.9366
789.0 0.9364
790.0 0.9363
791.0 0.9362
792.0 0.9361
793.0 0.936
794.0 0.9359
795.0 0.9357
796.0 0.9356
797.0 0.9355
798.0 0.9354
799.0 0.9353
800.0 0.9352
801.0 0.9352
802.0 0.9351
803.0 0.935
804.0 0.9349
805.0 0.9348
806.0 0.9347
807.0 0.9347
808.0 0.9346
809.0 0.9346
810.0 0.9345
811.0 0.9344
812.0 0.9344
813.0 0.9344
814.0 0.9343
815.0 0.9343
816.0 0.9342
817.0 0.9342
818.0 0.9342
819.0 0.9341
820.0 0.9341
821.0 0.934
822.0 0.934
823.0 0.9339
824.0 0.9338
825.0 0.9338
826.0 0.9337
827.0 0.9336
828.0 0.9335
829.0 0.9334
830.0 0.9333
831.0 0.9332
832.0 0.933
833.0 0.9329
834.0 0.9327
835.0 0.9325
836.0 0.9323
837.0 0.9321
838.0 0.9319
839.0 0.9317
840.0 0.9314
841.0 0.9311
842.0 0.9308
843.0 0.9305
844.0 0.9301
845.0 0.9298
846.0 0.9294
847.0 0.929
848.0 0.9285
849.0 0.928
850.0 0.9275
851.0 0.927
852.0 0.9265
853.0 0.9259
854.0 0.9253
855.0 0.9246
856.0 0.924
857.0 0.9233
858.0 0.9225
859.0 0.9218
860.0 0.9209
861.0 0.9201
862.0 0.9192
863.0 0.9183
864.0 0.9174
865.0 0.9164
866.0 0.9153
867.0 0.9143
868.0 0.9131
869.0 0.912
870.0 0.9108
871.0 0.9095
872.0 0.9083
873.0 0.9069
874.0 0.9055
875.0 0.9041
876.0 0.9026
877.0 0.9011
878.0 0.8996
879.0 0.8979
880.0 0.8963
881.0 0.8945
882.0 0.8928
883.0 0.8909
884.0 0.889
885.0 0.8871
886.0 0.8851
887.0 0.8831
888.0 0.881
889.0 0.8788
890.0 0.8766
891.0 0.8743
892.0 0.8719
893.0 0.8695
894.0 0.8671
895.0 0.8645
896.0 0.8619
897.0 0.8593
898.0 0.8565
899.0 0.8538
900.0 0.8509
901.0 0.848
902.0 0.845
903.0 0.8419
904.0 0.8388
905.0 0.8356
906.0 0.8323
907.0 0.8289
908.0 0.8255
909.0 0.822
910.0 0.8184
911.0 0.8148
912.0 0.8111
913.0 0.8073
914.0 0.8034
915.0 0.7995
916.0 0.7954
917.0 0.7914
918.0 0.7872
919.0 0.783
920.0 0.7787
921.0 0.7744
922.0 0.77
923.0 0.7655
924.0 0.761
925.0 0.7564
926.0 0.7517
927.0 0.747
928.0 0.7423
929.0 0.7375
930.0 0.7326
931.0 0.7277
932.0 0.7227
933.0 0.7177
934.0 0.7126
935.0 0.7075
936.0 0.7023
937.0 0.6971
938.0 0.6918
939.0 0.6865
940.0 0.6812
941.0 0.6758
942.0 0.6704
943.0 0.6649
944.0 0.6594
945.0 0.6539
946.0 0.6483
947.0 0.6427
948.0 0.637
949.0 0.6314
950.0 0.6257
951.0 0.6199
952.0 0.6142
953.0 0.6084
954.0 0.6026
955.0 0.5967
956.0 0.5909
957.0 0.585
958.0 0.5791
959.0 0.5731
960.0 0.5672
961.0 0.5612
962.0 0.5553
963.0 0.5493
964.0 0.5432
965.0 0.5372
966.0 0.5312
967.0 0.5251
968.0 0.5191
969.0 0.513
970.0 0.507
971.0 0.5009
972.0 0.4948
973.0 0.4887
974.0 0.4826
975.0 0.4765
976.0 0.4704
977.0 0.4643
978.0 0.4583
979.0 0.4522
980.0 0.4461
981.0 0.44
982.0 0.4339
983.0 0.4279
984.0 0.4218
985.0 0.4158
986.0 0.4098
987.0 0.4037
988.0 0.3977
989.0 0.3917
990.0 0.3858
991.0 0.3798
992.0 0.3739
993.0 0.368
994.0 0.3621
995.0 0.3562
996.0 0.3503
997.0 0.3445
998.0 0.3387
999.0 0.3329
1000.0 0.3271
1001.0 0.3214
1002.0 0.3157
1003.0 0.3101
1004.0 0.3044
1005.0 0.2988
1006.0 0.2933
1007.0 0.2878
1008.0 0.2823
1009.0 0.2768
1010.0 0.2714
1011.0 0.266
1012.0 0.2607
1013.0 0.2554
1014.0 0.2502
1015.0 0.245
1016.0 0.2398
1017.0 0.2347
1018.0 0.2296
1019.0 0.2246
1020.0 0.2197
1021.0 0.2148
1022.0 0.2099
1023.0 0.2051
1024.0 0.2004
1025.0 0.1957
1026.0 0.189
1027.0 0.1824
1028.0 0.176
1029.0 0.1697
1030.0 0.1636
1031.0 0.1576
1032.0 0.1518
1033.0 0.1461
1034.0 0.1405
1035.0 0.1351
1036.0 0.1299
1037.0 0.1248
1038.0 0.1198
1039.0 0.115
1040.0 0.1103
1041.0 0.1057
1042.0 0.1012
1043.0 0.0968
1044.0 0.0925
1045.0 0.0883
1046.0 0.0842
1047.0 0.0803
1048.0 0.0765
1049.0 0.0727
1050.0 0.0691
1051.0 0.0656
1052.0 0.0622
1053.0 0.059
1054.0 0.0558
1055.0 0.0528
1056.0 0.0498
1057.0 0.047
1058.0 0.0443
1059.0 0.0417
1060.0 0.0392
1061.0 0.0369
1062.0 0.0346
1063.0 0.0325
1064.0 0.0305
1065.0 0.0286
1066.0 0.0268
1067.0 0.0251
1068.0 0.0236
1069.0 0.0221
1070.0 0.0208
1071.0 0.0196
1072.0 0.0185
1073.0 0.0175
1074.0 0.0165
1075.0 0.0156
1076.0 0.0148
1077.0 0.0139
1078.0 0.0131
1079.0 0.0123
1080.0 0.0115
1081.0 0.0108
1082.0 0.0101
1083.0 0.0094
1084.0 0.0087
1085.0 0.0081
1086.0 0.0075
1087.0 0.0069
1088.0 0.0064
1089.0 0.0058
1090.0 0.0053
1091.0 0.0049
1092.0 0.0044
1093.0 0.004
1094.0 0.0036
1095.0 0.0032
1096.0 0.0029
1097.0 0.0026
1098.0 0.0023
1099.0 0.002
