300.0	0.007
300.5	0.010
301.0	0.013
301.5	0.016
302.0	0.019
302.5	0.023
303.0	0.029
303.5	0.035
304.0	0.039
304.5	0.046
305.0	0.055
305.5	0.064
306.0	0.070
306.5	0.077
307.0	0.089
307.5	0.102
308.0	0.110
308.5	0.117
309.0	0.127
309.5	0.142
310.0	0.155
310.5	0.164
311.0	0.172
311.5	0.182
312.0	0.197
312.5	0.213
313.0	0.222
313.5	0.226
314.0	0.238
314.5	0.257
315.0	0.267
315.5	0.270
316.0	0.280
316.5	0.297
317.0	0.305
317.5	0.307
318.0	0.317
318.5	0.336
319.0	0.349
319.5	0.347
320.0	0.348
320.5	0.364
321.0	0.383
321.5	0.389
322.0	0.382
322.5	0.380
323.0	0.394
323.5	0.416
324.0	0.425
324.5	0.420
325.0	0.414
325.5	0.421
326.0	0.437
326.5	0.450
327.0	0.452
327.5	0.447
328.0	0.444
328.5	0.454
329.0	0.469
329.5	0.477
330.0	0.477
330.5	0.473
331.0	0.472
331.5	0.478
332.0	0.489
332.5	0.496
333.0	0.498
333.5	0.495
334.0	0.495
334.5	0.502
335.0	0.510
335.5	0.515
336.0	0.517
336.5	0.516
337.0	0.515
337.5	0.516
338.0	0.522
338.5	0.528
339.0	0.531
339.5	0.533
340.0	0.533
340.5	0.535
341.0	0.539
341.5	0.542
342.0	0.545
342.5	0.548
343.0	0.549
343.5	0.550
344.0	0.551
344.5	0.553
345.0	0.557
345.5	0.560
346.0	0.562
346.5	0.564
347.0	0.566
347.5	0.568
348.0	0.570
348.5	0.572
349.0	0.575
349.5	0.577
350.0	0.579
350.5	0.580
351.0	0.582
351.5	0.583
352.0	0.585
352.5	0.588
353.0	0.590
353.5	0.592
354.0	0.593
354.5	0.595
355.0	0.597
355.5	0.599
356.0	0.601
356.5	0.602
357.0	0.604
357.5	0.606
358.0	0.608
358.5	0.610
359.0	0.611
359.5	0.613
360.0	0.615
360.5	0.616
361.0	0.618
361.5	0.620
362.0	0.622
362.5	0.623
363.0	0.625
363.5	0.627
364.0	0.628
364.5	0.630
365.0	0.632
365.5	0.633
366.0	0.635
366.5	0.637
367.0	0.638
367.5	0.640
368.0	0.642
368.5	0.643
369.0	0.645
369.5	0.646
370.0	0.648
370.5	0.650
371.0	0.651
371.5	0.653
372.0	0.654
372.5	0.656
373.0	0.657
373.5	0.659
374.0	0.660
374.5	0.662
375.0	0.663
375.5	0.665
376.0	0.666
376.5	0.668
377.0	0.669
377.5	0.671
378.0	0.672
378.5	0.674
379.0	0.675
379.5	0.676
380.0	0.678
380.5	0.679
381.0	0.681
381.5	0.682
382.0	0.684
382.5	0.685
383.0	0.687
383.5	0.688
384.0	0.689
384.5	0.690
385.0	0.692
385.5	0.693
386.0	0.695
386.5	0.696
387.0	0.697
387.5	0.699
388.0	0.700
388.5	0.701
389.0	0.703
389.5	0.704
390.0	0.705
390.5	0.707
391.0	0.708
391.5	0.709
392.0	0.710
392.5	0.712
393.0	0.713
393.5	0.714
394.0	0.716
394.5	0.717
395.0	0.718
395.5	0.719
396.0	0.720
396.5	0.722
397.0	0.723
397.5	0.724
398.0	0.725
398.5	0.726
399.0	0.728
399.5	0.729
400.0	0.730
400.5	0.731
401.0	0.732
401.5	0.734
402.0	0.735
402.5	0.736
403.0	0.737
403.5	0.738
404.0	0.739
404.5	0.740
405.0	0.742
405.5	0.743
406.0	0.744
406.5	0.745
407.0	0.746
407.5	0.747
408.0	0.748
408.5	0.749
409.0	0.750
409.5	0.751
410.0	0.752
410.5	0.753
411.0	0.755
411.5	0.756
412.0	0.757
412.5	0.758
413.0	0.759
413.5	0.760
414.0	0.761
414.5	0.762
415.0	0.763
415.5	0.764
416.0	0.765
416.5	0.766
417.0	0.767
417.5	0.768
418.0	0.769
418.5	0.770
419.0	0.771
419.5	0.772
420.0	0.773
420.5	0.774
421.0	0.775
421.5	0.776
422.0	0.777
422.5	0.778
423.0	0.779
423.5	0.779
424.0	0.780
424.5	0.781
425.0	0.782
425.5	0.783
426.0	0.784
426.5	0.785
427.0	0.786
427.5	0.787
428.0	0.787
428.5	0.789
429.0	0.790
429.5	0.791
430.0	0.791
430.5	0.792
431.0	0.793
431.5	0.794
432.0	0.795
432.5	0.796
433.0	0.796
433.5	0.797
434.0	0.798
434.5	0.798
435.0	0.799
435.5	0.800
436.0	0.801
436.5	0.802
437.0	0.803
437.5	0.804
438.0	0.805
438.5	0.805
439.0	0.806
439.5	0.806
440.0	0.807
440.5	0.808
441.0	0.809
441.5	0.810
442.0	0.811
442.5	0.812
443.0	0.812
443.5	0.813
444.0	0.814
444.5	0.814
445.0	0.814
445.5	0.815
446.0	0.816
446.5	0.818
447.0	0.818
447.5	0.819
448.0	0.819
448.5	0.820
449.0	0.821
449.5	0.822
450.0	0.823
450.5	0.823
451.0	0.824
451.5	0.825
452.0	0.825
452.5	0.826
453.0	0.827
453.5	0.827
454.0	0.828
454.5	0.829
455.0	0.830
455.5	0.830
456.0	0.831
456.5	0.831
457.0	0.832
457.5	0.833
458.0	0.833
458.5	0.833
459.0	0.834
459.5	0.835
460.0	0.835
460.5	0.836
461.0	0.836
461.5	0.837
462.0	0.837
462.5	0.838
463.0	0.839
463.5	0.839
464.0	0.840
464.5	0.840
465.0	0.841
465.5	0.842
466.0	0.843
466.5	0.844
467.0	0.844
467.5	0.845
468.0	0.845
468.5	0.846
469.0	0.846
469.5	0.847
470.0	0.847
470.5	0.848
471.0	0.849
471.5	0.849
472.0	0.850
472.5	0.850
473.0	0.851
473.5	0.851
474.0	0.852
474.5	0.852
475.0	0.852
475.5	0.853
476.0	0.853
476.5	0.854
477.0	0.854
477.5	0.854
478.0	0.855
478.5	0.855
479.0	0.855
479.5	0.855
480.0	0.855
480.5	0.856
481.0	0.856
481.5	0.857
482.0	0.857
482.5	0.858
483.0	0.858
483.5	0.859
484.0	0.860
484.5	0.860
485.0	0.861
485.5	0.861
486.0	0.862
486.5	0.863
487.0	0.863
487.5	0.864
488.0	0.864
488.5	0.864
489.0	0.864
489.5	0.865
490.0	0.865
490.5	0.866
491.0	0.866
491.5	0.867
492.0	0.867
492.5	0.868
493.0	0.868
493.5	0.868
494.0	0.869
494.5	0.869
495.0	0.869
495.5	0.870
496.0	0.870
496.5	0.870
497.0	0.870
497.5	0.871
498.0	0.871
498.5	0.871
499.0	0.871
499.5	0.872
500.0	0.872
500.5	0.871
501.0	0.871
501.5	0.871
502.0	0.871
502.5	0.871
503.0	0.870
503.5	0.870
504.0	0.869
504.5	0.870
505.0	0.871
505.5	0.871
506.0	0.871
506.5	0.872
507.0	0.873
507.5	0.873
508.0	0.874
508.5	0.874
509.0	0.875
509.5	0.876
510.0	0.876
510.5	0.877
511.0	0.877
511.5	0.878
512.0	0.878
512.5	0.878
513.0	0.879
513.5	0.879
514.0	0.879
514.5	0.880
515.0	0.880
515.5	0.880
516.0	0.880
516.5	0.881
517.0	0.881
517.5	0.881
518.0	0.881
518.5	0.881
519.0	0.881
519.5	0.882
520.0	0.882
520.5	0.882
521.0	0.882
521.5	0.882
522.0	0.882
522.5	0.882
523.0	0.882
523.5	0.882
524.0	0.882
524.5	0.882
525.0	0.882
525.5	0.881
526.0	0.881
526.5	0.881
527.0	0.881
527.5	0.881
528.0	0.881
528.5	0.881
529.0	0.881
529.5	0.881
530.0	0.881
530.5	0.881
531.0	0.881
531.5	0.881
532.0	0.881
532.5	0.881
533.0	0.881
533.5	0.882
534.0	0.882
534.5	0.882
535.0	0.883
535.5	0.883
536.0	0.884
536.5	0.884
537.0	0.884
537.5	0.884
538.0	0.885
538.5	0.885
539.0	0.885
539.5	0.885
540.0	0.885
540.5	0.885
541.0	0.884
541.5	0.884
542.0	0.884
542.5	0.884
543.0	0.885
543.5	0.885
544.0	0.885
544.5	0.885
545.0	0.885
545.5	0.885
546.0	0.885
546.5	0.885
547.0	0.885
547.5	0.886
548.0	0.886
548.5	0.886
549.0	0.886
549.5	0.886
550.0	0.887
550.5	0.887
551.0	0.887
551.5	0.887
552.0	0.887
552.5	0.887
553.0	0.887
553.5	0.887
554.0	0.887
554.5	0.887
555.0	0.888
555.5	0.888
556.0	0.888
556.5	0.887
557.0	0.887
557.5	0.887
558.0	0.887
558.5	0.887
559.0	0.887
559.5	0.887
560.0	0.886
560.5	0.886
561.0	0.886
561.5	0.886
562.0	0.885
562.5	0.885
563.0	0.885
563.5	0.885
564.0	0.885
564.5	0.884
565.0	0.884
565.5	0.884
566.0	0.884
566.5	0.884
567.0	0.884
567.5	0.884
568.0	0.884
568.5	0.883
569.0	0.882
569.5	0.882
570.0	0.882
570.5	0.883
571.0	0.883
571.5	0.883
572.0	0.883
572.5	0.883
573.0	0.883
573.5	0.884
574.0	0.884
574.5	0.884
575.0	0.884
575.5	0.885
576.0	0.885
576.5	0.886
577.0	0.886
577.5	0.887
578.0	0.887
578.5	0.888
579.0	0.888
579.5	0.889
580.0	0.889
580.5	0.889
581.0	0.890
581.5	0.890
582.0	0.891
582.5	0.891
583.0	0.892
583.5	0.892
584.0	0.892
584.5	0.892
585.0	0.893
585.5	0.893
586.0	0.893
586.5	0.893
587.0	0.893
587.5	0.892
588.0	0.890
588.5	0.887
589.0	0.885
589.5	0.885
590.0	0.884
590.5	0.886
591.0	0.888
591.5	0.887
592.0	0.885
592.5	0.885
593.0	0.888
593.5	0.889
594.0	0.887
594.5	0.883
595.0	0.885
595.5	0.888
596.0	0.889
596.5	0.889
597.0	0.888
597.5	0.888
598.0	0.889
598.5	0.889
599.0	0.889
599.5	0.890
600.0	0.890
600.5	0.891
601.0	0.891
601.5	0.891
602.0	0.891
602.5	0.892
603.0	0.892
603.5	0.892
604.0	0.893
604.5	0.893
605.0	0.894
605.5	0.894
606.0	0.895
606.5	0.895
607.0	0.896
607.5	0.896
608.0	0.897
608.5	0.897
609.0	0.898
609.5	0.898
610.0	0.899
610.5	0.900
611.0	0.900
611.5	0.901
612.0	0.901
612.5	0.902
613.0	0.902
613.5	0.903
614.0	0.904
614.5	0.904
615.0	0.905
615.5	0.905
616.0	0.906
616.5	0.906
617.0	0.907
617.5	0.907
618.0	0.908
618.5	0.908
619.0	0.908
619.5	0.909
620.0	0.909
620.5	0.910
621.0	0.910
621.5	0.910
622.0	0.911
622.5	0.911
623.0	0.912
623.5	0.912
624.0	0.912
624.5	0.913
625.0	0.913
625.5	0.913
626.0	0.914
626.5	0.914
627.0	0.913
627.5	0.904
628.0	0.890
628.5	0.895
629.0	0.903
629.5	0.903
630.0	0.904
630.5	0.908
631.0	0.911
631.5	0.913
632.0	0.915
632.5	0.917
633.0	0.918
633.5	0.919
634.0	0.920
634.5	0.920
635.0	0.921
635.5	0.921
636.0	0.922
636.5	0.922
637.0	0.923
637.5	0.923
638.0	0.924
638.5	0.924
639.0	0.925
639.5	0.925
640.0	0.925
640.5	0.926
641.0	0.926
641.5	0.927
642.0	0.927
642.5	0.927
643.0	0.928
643.5	0.928
644.0	0.928
644.5	0.929
645.0	0.929
645.5	0.929
646.0	0.928
646.5	0.927
647.0	0.925
647.5	0.924
648.0	0.923
648.5	0.925
649.0	0.926
649.5	0.926
650.0	0.929
650.5	0.931
651.0	0.930
651.5	0.927
652.0	0.926
652.5	0.930
653.0	0.932
653.5	0.932
654.0	0.933
654.5	0.932
655.0	0.932
655.5	0.932
656.0	0.933
656.5	0.934
657.0	0.935
657.5	0.935
658.0	0.936
658.5	0.937
659.0	0.938
659.5	0.938
660.0	0.939
660.5	0.939
661.0	0.940
661.5	0.940
662.0	0.941
662.5	0.941
663.0	0.941
663.5	0.942
664.0	0.942
664.5	0.942
665.0	0.943
665.5	0.943
666.0	0.943
666.5	0.944
667.0	0.944
667.5	0.944
668.0	0.945
668.5	0.945
669.0	0.945
669.5	0.946
670.0	0.946
670.5	0.946
671.0	0.947
671.5	0.947
672.0	0.947
672.5	0.948
673.0	0.948
673.5	0.948
674.0	0.948
674.5	0.949
675.0	0.949
675.5	0.949
676.0	0.949
676.5	0.950
677.0	0.950
677.5	0.950
678.0	0.951
678.5	0.951
679.0	0.951
679.5	0.951
680.0	0.951
680.5	0.952
681.0	0.952
681.5	0.952
682.0	0.952
682.5	0.952
683.0	0.953
683.5	0.953
684.0	0.953
684.5	0.953
685.0	0.953
685.5	0.953
686.0	0.948
686.5	0.902
687.0	0.788
687.5	0.734
688.0	0.796
688.5	0.847
689.0	0.833
689.5	0.833
690.0	0.852
690.5	0.868
691.0	0.886
691.5	0.899
692.0	0.911
692.5	0.922
693.0	0.931
693.5	0.934
694.0	0.934
694.5	0.935
695.0	0.939
695.5	0.941
696.0	0.941
696.5	0.947
697.0	0.954
697.5	0.955
698.0	0.954
698.5	0.951
699.0	0.946
699.5	0.946
700.0	0.948
700.5	0.948
701.0	0.948
701.5	0.948
702.0	0.949
702.5	0.949
703.0	0.951
703.5	0.955
704.0	0.955
704.5	0.955
705.0	0.955
705.5	0.955
706.0	0.956
706.5	0.957
707.0	0.958
707.5	0.958
708.0	0.958
708.5	0.959
709.0	0.960
709.5	0.960
710.0	0.960
710.5	0.960
711.0	0.960
711.5	0.961
712.0	0.962
712.5	0.961
713.0	0.961
713.5	0.961
714.0	0.961
714.5	0.960
715.0	0.959
715.5	0.958
716.0	0.956
716.5	0.947
717.0	0.927
717.5	0.908
718.0	0.900
718.5	0.886
719.0	0.877
719.5	0.878
720.0	0.881
720.5	0.891
721.0	0.916
721.5	0.940
722.0	0.948
722.5	0.946
723.0	0.930
723.5	0.906
724.0	0.903
724.5	0.905
725.0	0.909
725.5	0.913
726.0	0.921
726.5	0.921
727.0	0.920
727.5	0.911
728.0	0.910
728.5	0.926
729.0	0.924
729.5	0.927
730.0	0.934
730.5	0.931
731.0	0.931
731.5	0.934
732.0	0.941
732.5	0.952
733.0	0.957
733.5	0.957
734.0	0.960
734.5	0.961
735.0	0.960
735.5	0.961
736.0	0.960
736.5	0.959
737.0	0.960
737.5	0.963
738.0	0.965
738.5	0.965
739.0	0.966
739.5	0.966
740.0	0.967
740.5	0.968
741.0	0.969
741.5	0.969
742.0	0.970
742.5	0.970
743.0	0.970
743.5	0.971
744.0	0.971
744.5	0.971
745.0	0.971
745.5	0.971
746.0	0.971
746.5	0.971
747.0	0.971
747.5	0.972
748.0	0.972
748.5	0.972
749.0	0.972
749.5	0.972
750.0	0.972
750.5	0.972
751.0	0.973
751.5	0.973
752.0	0.973
752.5	0.973
753.0	0.973
753.5	0.974
754.0	0.974
754.5	0.974
755.0	0.974
755.5	0.974
756.0	0.974
756.5	0.974
757.0	0.975
757.5	0.975
758.0	0.975
758.5	0.971
759.0	0.926
759.5	0.746
760.0	0.483
760.5	0.343
761.0	0.358
761.5	0.500
762.0	0.649
762.5	0.628
763.0	0.548
763.5	0.549
764.0	0.594
764.5	0.648
765.0	0.712
765.5	0.769
766.0	0.814
766.5	0.853
767.0	0.894
767.5	0.921
768.0	0.936
768.5	0.946
769.0	0.953
769.5	0.959
770.0	0.967
770.5	0.972
771.0	0.974
771.5	0.975
772.0	0.975
772.5	0.975
773.0	0.975
773.5	0.976
774.0	0.976
774.5	0.976
775.0	0.976
775.5	0.976
776.0	0.976
776.5	0.976
777.0	0.976
777.5	0.976
778.0	0.976
778.5	0.976
779.0	0.976
779.5	0.977
780.0	0.977
780.5	0.977
781.0	0.977
781.5	0.977
782.0	0.977
782.5	0.977
783.0	0.977
783.5	0.977
784.0	0.977
784.5	0.977
785.0	0.977
785.5	0.977
786.0	0.977
786.5	0.976
787.0	0.976
787.5	0.975
788.0	0.975
788.5	0.974
789.0	0.972
789.5	0.970
790.0	0.970
790.5	0.970
791.0	0.970
791.5	0.972
792.0	0.972
792.5	0.971
793.0	0.972
793.5	0.975
794.0	0.978
794.5	0.978
795.0	0.977
795.5	0.975
796.0	0.970
796.5	0.968
797.0	0.972
797.5	0.975
798.0	0.976
798.5	0.976
799.0	0.976
799.5	0.976
800.0	0.974
800.5	0.972
801.0	0.972
801.5	0.972
802.0	0.973
802.5	0.973
803.0	0.973
803.5	0.974
804.0	0.974
804.5	0.974
805.0	0.976
805.5	0.978
806.0	0.978
806.5	0.978
807.0	0.978
807.5	0.978
808.0	0.978
808.5	0.977
809.0	0.976
809.5	0.975
810.0	0.975
810.5	0.975
811.0	0.973
811.5	0.970
812.0	0.968
812.5	0.967
813.0	0.959
813.5	0.944
814.0	0.938
814.5	0.935
815.0	0.925
815.5	0.914
816.0	0.904
816.5	0.898
817.0	0.912
817.5	0.912
818.0	0.894
818.5	0.908
819.0	0.919
819.5	0.920
820.0	0.920
820.5	0.944
821.0	0.962
821.5	0.960
822.0	0.949
822.5	0.909
823.0	0.856
823.5	0.879
824.0	0.931
824.5	0.951
825.0	0.956
825.5	0.951
826.0	0.946
826.5	0.958
827.0	0.962
827.5	0.938
828.0	0.924
828.5	0.933
829.0	0.933
829.5	0.937
830.0	0.947
830.5	0.949
831.0	0.958
831.5	0.957
832.0	0.945
832.5	0.953
833.0	0.964
833.5	0.962
834.0	0.963
834.5	0.971
835.0	0.974
835.5	0.972
836.0	0.972
836.5	0.974
837.0	0.976
837.5	0.977
838.0	0.977
838.5	0.979
839.0	0.980
839.5	0.980
840.0	0.981
840.5	0.980
841.0	0.979
841.5	0.980
842.0	0.981
842.5	0.982
843.0	0.982
843.5	0.981
844.0	0.982
844.5	0.982
845.0	0.983
845.5	0.984
846.0	0.984
846.5	0.983
847.0	0.984
847.5	0.984
848.0	0.983
848.5	0.983
849.0	0.983
849.5	0.983
850.0	0.983
850.5	0.983
851.0	0.983
851.5	0.982
852.0	0.983
852.5	0.983
853.0	0.984
853.5	0.984
854.0	0.983
854.5	0.983
855.0	0.984
855.5	0.984
856.0	0.984
856.5	0.984
857.0	0.984
857.5	0.984
858.0	0.985
858.5	0.985
859.0	0.985
859.5	0.985
860.0	0.985
860.5	0.985
861.0	0.985
861.5	0.985
862.0	0.985
862.5	0.986
863.0	0.986
863.5	0.986
864.0	0.986
864.5	0.986
865.0	0.986
865.5	0.986
866.0	0.986
866.5	0.986
867.0	0.986
867.5	0.986
868.0	0.986
868.5	0.986
869.0	0.986
869.5	0.986
870.0	0.987
870.5	0.987
871.0	0.987
871.5	0.987
872.0	0.987
872.5	0.987
873.0	0.987
873.5	0.987
874.0	0.987
874.5	0.987
875.0	0.987
875.5	0.987
876.0	0.987
876.5	0.987
877.0	0.987
877.5	0.987
878.0	0.987
878.5	0.987
879.0	0.987
879.5	0.987
880.0	0.987
880.5	0.987
881.0	0.987
881.5	0.987
882.0	0.986
882.5	0.987
883.0	0.987
883.5	0.987
884.0	0.987
884.5	0.987
885.0	0.987
885.5	0.986
886.0	0.985
886.5	0.985
887.0	0.986
887.5	0.986
888.0	0.985
888.5	0.985
889.0	0.987
889.5	0.986
890.0	0.986
890.5	0.985
891.0	0.986
891.5	0.985
892.0	0.984
892.5	0.982
893.0	0.976
893.5	0.973
894.0	0.974
894.5	0.968
895.0	0.956
895.5	0.940
896.0	0.929
896.5	0.913
897.0	0.907
897.5	0.918
898.0	0.925
898.5	0.887
899.0	0.836
899.5	0.859
900.0	0.892
900.5	0.881
901.0	0.885
901.5	0.896
902.0	0.894
902.5	0.888
903.0	0.901
903.5	0.936
904.0	0.959
904.5	0.955
905.0	0.950
905.5	0.950
906.0	0.945
906.5	0.921
907.0	0.895
907.5	0.886
908.0	0.883
908.5	0.887
909.0	0.889
909.5	0.895
910.0	0.899
910.5	0.892
911.0	0.905
911.5	0.911
912.0	0.900
912.5	0.913
913.0	0.888
913.5	0.860
914.0	0.884
914.5	0.919
915.0	0.909
915.5	0.860
916.0	0.874
916.5	0.924
917.0	0.927
917.5	0.894
918.0	0.881
918.5	0.908
919.0	0.936
919.5	0.944
920.0	0.944
920.5	0.958
921.0	0.957
921.5	0.945
922.0	0.944
922.5	0.955
923.0	0.954
923.5	0.950
924.0	0.944
924.5	0.939
925.0	0.938
925.5	0.944
926.0	0.948
926.5	0.950
927.0	0.955
927.5	0.930
928.0	0.895
928.5	0.889
929.0	0.878
929.5	0.858
930.0	0.820
930.5	0.786
931.0	0.753
931.5	0.716
932.0	0.646
932.5	0.620
933.0	0.626
933.5	0.607
934.0	0.536
934.5	0.510
935.0	0.592
935.5	0.617
936.0	0.592
936.5	0.603
937.0	0.587
937.5	0.618
938.0	0.630
938.5	0.644
939.0	0.731
939.5	0.822
940.0	0.809
940.5	0.760
941.0	0.757
941.5	0.785
942.0	0.779
942.5	0.705
943.0	0.650
943.5	0.693
944.0	0.657
944.5	0.625
945.0	0.707
945.5	0.721
946.0	0.674
946.5	0.692
947.0	0.739
947.5	0.733
948.0	0.670
948.5	0.697
949.0	0.789
949.5	0.740
950.0	0.670
950.5	0.721
951.0	0.812
951.5	0.799
952.0	0.701
952.5	0.676
953.0	0.730
953.5	0.764
954.0	0.773
954.5	0.761
955.0	0.767
955.5	0.753
956.0	0.738
956.5	0.743
957.0	0.753
957.5	0.815
958.0	0.821
958.5	0.792
959.0	0.766
959.5	0.747
960.0	0.779
960.5	0.810
961.0	0.831
961.5	0.852
962.0	0.831
962.5	0.792
963.0	0.825
963.5	0.858
964.0	0.847
964.5	0.848
965.0	0.864
965.5	0.889
966.0	0.871
966.5	0.836
967.0	0.854
967.5	0.922
968.0	0.945
968.5	0.926
969.0	0.939
969.5	0.952
970.0	0.942
970.5	0.938
971.0	0.950
971.5	0.940
972.0	0.936
972.5	0.934
973.0	0.922
973.5	0.914
974.0	0.911
974.5	0.902
975.0	0.893
975.5	0.897
976.0	0.893
976.5	0.903
977.0	0.931
977.5	0.944
978.0	0.934
978.5	0.929
979.0	0.928
979.5	0.924
980.0	0.931
980.5	0.938
981.0	0.963
981.5	0.971
982.0	0.966
982.5	0.959
983.0	0.958
983.5	0.972
984.0	0.981
984.5	0.976
985.0	0.970
985.5	0.976
986.0	0.985
986.5	0.987
987.0	0.985
987.5	0.983
988.0	0.985
988.5	0.989
989.0	0.989
989.5	0.988
990.0	0.986
990.5	0.987
991.0	0.989
991.5	0.989
992.0	0.990
992.5	0.989
993.0	0.988
993.5	0.989
994.0	0.991
994.5	0.991
995.0	0.991
995.5	0.991
996.0	0.991
996.5	0.991
997.0	0.991
997.5	0.991
998.0	0.991
998.5	0.991
999.0	0.991
999.5	0.991
1000.0	0.991
1000.5	0.992
1001.0	0.991
1001.5	0.989
1002.0	0.987
1002.5	0.988
1003.0	0.991
1003.5	0.991
1004.0	0.991
1004.5	0.991
1005.0	0.991
1005.5	0.991
1006.0	0.991
1006.5	0.991
1007.0	0.992
1007.5	0.991
1008.0	0.991
1008.5	0.990
1009.0	0.989
1009.5	0.988
1010.0	0.989
1010.5	0.991
1011.0	0.992
1011.5	0.992
1012.0	0.991
1012.5	0.991
1013.0	0.992
1013.5	0.992
1014.0	0.992
1014.5	0.992
1015.0	0.992
1015.5	0.992
1016.0	0.992
1016.5	0.992
1017.0	0.992
1017.5	0.992
1018.0	0.992
1018.5	0.992
1019.0	0.991
1019.5	0.991
1020.0	0.992
1020.5	0.992
1021.0	0.992
1021.5	0.992
1022.0	0.992
1022.5	0.992
1023.0	0.991
1023.5	0.991
1024.0	0.990
1024.5	0.991
1025.0	0.992
1025.5	0.992
1026.0	0.992
1026.5	0.992
1027.0	0.992
1027.5	0.992
1028.0	0.992
1028.5	0.992
1029.0	0.992
1029.5	0.992
1030.0	0.993
1030.5	0.993
1031.0	0.993
1031.5	0.993
1032.0	0.993
1032.5	0.993
1033.0	0.993
1033.5	0.993
1034.0	0.993
1034.5	0.993
1035.0	0.993
1035.5	0.993
1036.0	0.993
1036.5	0.993
1037.0	0.993
1037.5	0.993
1038.0	0.993
1038.5	0.993
1039.0	0.993
1039.5	0.993
1040.0	0.993
1040.5	0.993
1041.0	0.993
1041.5	0.993
1042.0	0.993
1042.5	0.993
1043.0	0.993
1043.5	0.993
1044.0	0.993
1044.5	0.993
1045.0	0.992
1045.5	0.992
1046.0	0.992
1046.5	0.992
1047.0	0.992
1047.5	0.992
1048.0	0.992
1048.5	0.992
1049.0	0.991
1049.5	0.991
1050.0	0.991
1050.5	0.991
1051.0	0.991
1051.5	0.991
1052.0	0.991
1052.5	0.990
1053.0	0.990
1053.5	0.990
1054.0	0.990
1054.5	0.989
1055.0	0.989
1055.5	0.989
1056.0	0.988
1056.5	0.988
1057.0	0.987
1057.5	0.987
1058.0	0.986
1058.5	0.986
1059.0	0.986
1059.5	0.985
1060.0	0.985
1060.5	0.985
1061.0	0.984
1061.5	0.984
1062.0	0.984
1062.5	0.983
1063.0	0.983
1063.5	0.983
1064.0	0.982
1064.5	0.982
1065.0	0.982
1065.5	0.982
1066.0	0.982
1066.5	0.982
1067.0	0.982
1067.5	0.982
1068.0	0.982
1068.5	0.983
1069.0	0.984
1069.5	0.984
1070.0	0.985
1070.5	0.986
1071.0	0.987
1071.5	0.987
1072.0	0.987
1072.5	0.987
1073.0	0.988
1073.5	0.989
1074.0	0.989
1074.5	0.986
1075.0	0.987
1075.5	0.990
1076.0	0.991
1076.5	0.991
1077.0	0.988
1077.5	0.985
1078.0	0.987
1078.5	0.990
1079.0	0.991
1079.5	0.991
1080.0	0.987
1080.5	0.984
1081.0	0.985
1081.5	0.985
1082.0	0.988
1082.5	0.990
1083.0	0.986
1083.5	0.982
1084.0	0.985
1084.5	0.988
1085.0	0.987
1085.5	0.982
1086.0	0.971
1086.5	0.969
1087.0	0.979
1087.5	0.988
1088.0	0.991
1088.5	0.988
1089.0	0.982
1089.5	0.979
1090.0	0.977
1090.5	0.974
1091.0	0.982
1091.5	0.987
1092.0	0.975
1092.5	0.964
1093.0	0.969
1093.5	0.979
1094.0	0.979
1094.5	0.970
1095.0	0.970
1095.5	0.969
1096.0	0.964
1096.5	0.972
1097.0	0.979
1097.5	0.970
1098.0	0.964
1098.5	0.962
1099.0	0.952
1099.5	0.944
1100.0	0.947
