# Data from LCA-18, V24
# File name: LCA-18_Throughput_Budget_2016-07-29.xlsx
# tab: Performance summary, col: AA

300.0 0.0000
301.0 0.0000
302.0 0.0000
303.0 0.0000
304.0 0.0000
305.0 0.0000
306.0 0.0000
307.0 0.0000
308.0 0.0000
309.0 0.0000
310.0 0.0000
311.0 0.0000
312.0 0.0000
313.0 0.0000
314.0 0.0000
315.0 0.0000
316.0 0.0000
317.0 0.0000
318.0 0.0000
319.0 0.0000
320.0 0.0000
321.0 0.0000
322.0 0.0000
323.0 0.0000
324.0 0.0000
325.0 0.0000
326.0 0.0000
327.0 0.0000
328.0 0.0000
329.0 0.0000
330.0 0.0000
331.0 0.0000
332.0 0.0000
333.0 0.0000
334.0 0.0000
335.0 0.0000
336.0 0.0000
337.0 0.0000
338.0 0.0000
339.0 0.0000
340.0 0.0000
341.0 0.0000
342.0 0.0000
343.0 0.0000
344.0 0.0000
345.0 0.0000
346.0 0.0000
347.0 0.0000
348.0 0.0000
349.0 0.0000
350.0 0.0000
351.0 0.0000
352.0 0.0000
353.0 0.0000
354.0 0.0000
355.0 0.0000
356.0 0.0000
357.0 0.0000
358.0 0.0000
359.0 0.0000
360.0 0.0000
361.0 0.0000
362.0 0.0000
363.0 0.0000
364.0 0.0000
365.0 0.0000
366.0 0.0000
367.0 0.0000
368.0 0.0000
369.0 0.0000
370.0 0.0000
371.0 0.0000
372.0 0.0000
373.0 0.0000
374.0 0.0000
375.0 0.0000
376.0 0.0000
377.0 0.0000
378.0 0.0000
379.0 0.0000
380.0 0.0000
381.0 0.0000
382.0 0.0000
383.0 0.0000
384.0 0.0000
385.0 0.0000
386.0 0.0000
387.0 0.0001
388.0 0.0002
389.0 0.0005
390.0 0.0002
391.0 0.0007
392.0 0.0155
393.0 0.0448
394.0 0.1056
395.0 0.2097
396.0 0.2979
397.0 0.3959
398.0 0.4311
399.0 0.4788
400.0 0.5038
401.0 0.5254
402.0 0.5936
403.0 0.6368
404.0 0.6645
405.0 0.7177
406.0 0.7564
407.0 0.7778
408.0 0.8099
409.0 0.8387
410.0 0.8708
411.0 0.8998
412.0 0.9198
413.0 0.9391
414.0 0.9563
415.0 0.9630
416.0 0.9617
417.0 0.9610
418.0 0.9600
419.0 0.9602
420.0 0.9650
421.0 0.9707
422.0 0.9723
423.0 0.9726
424.0 0.9762
425.0 0.9807
426.0 0.9818
427.0 0.9815
428.0 0.9837
429.0 0.9873
430.0 0.9880
431.0 0.9864
432.0 0.9862
433.0 0.9876
434.0 0.9879
435.0 0.9869
436.0 0.9870
437.0 0.9886
438.0 0.9897
439.0 0.9894
440.0 0.9884
441.0 0.9866
442.0 0.9837
443.0 0.9811
444.0 0.9807
445.0 0.9819
446.0 0.9820
447.0 0.9803
448.0 0.9788
449.0 0.9790
450.0 0.9800
451.0 0.9796
452.0 0.9776
453.0 0.9757
454.0 0.9753
455.0 0.9760
456.0 0.9763
457.0 0.9756
458.0 0.9742
459.0 0.9730
460.0 0.9732
461.0 0.9752
462.0 0.9785
463.0 0.9819
464.0 0.9839
465.0 0.9841
466.0 0.9824
467.0 0.9788
468.0 0.9734
469.0 0.9682
470.0 0.9662
471.0 0.9687
472.0 0.9738
473.0 0.9779
474.0 0.9791
475.0 0.9781
476.0 0.9771
477.0 0.9768
478.0 0.9765
479.0 0.9758
480.0 0.9754
481.0 0.9756
482.0 0.9760
483.0 0.9756
484.0 0.9749
485.0 0.9751
486.0 0.9765
487.0 0.9785
488.0 0.9799
489.0 0.9809
490.0 0.9822
491.0 0.9835
492.0 0.9835
493.0 0.9816
494.0 0.9787
495.0 0.9769
496.0 0.9768
497.0 0.9774
498.0 0.9773
499.0 0.9762
500.0 0.9750
501.0 0.9740
502.0 0.9731
503.0 0.9718
504.0 0.9704
505.0 0.9698
506.0 0.9701
507.0 0.9710
508.0 0.9717
509.0 0.9719
510.0 0.9723
511.0 0.9730
512.0 0.9739
513.0 0.9746
514.0 0.9749
515.0 0.9750
516.0 0.9750
517.0 0.9748
518.0 0.9741
519.0 0.9732
520.0 0.9722
521.0 0.9714
522.0 0.9706
523.0 0.9698
524.0 0.9694
525.0 0.9697
526.0 0.9704
527.0 0.9705
528.0 0.9694
529.0 0.9675
530.0 0.9658
531.0 0.9649
532.0 0.9642
533.0 0.9629
534.0 0.9610
535.0 0.9596
536.0 0.9599
537.0 0.9609
538.0 0.9604
539.0 0.9551
540.0 0.9434
541.0 0.9249
542.0 0.8994
543.0 0.8682
544.0 0.8327
545.0 0.7926
546.0 0.7500
547.0 0.7094
548.0 0.6714
549.0 0.6368
550.0 0.6068
551.0 0.5769
552.0 0.5464
553.0 0.5137
554.0 0.4744
555.0 0.4264
556.0 0.3721
557.0 0.3105
558.0 0.2422
559.0 0.1734
560.0 0.1140
561.0 0.0715
562.0 0.0454
563.0 0.0296
564.0 0.0196
565.0 0.0128
566.0 0.0075
567.0 0.0040
568.0 0.0022
569.0 0.0014
570.0 0.0010
571.0 0.0008
572.0 0.0007
573.0 0.0005
574.0 0.0004
575.0 0.0004
576.0 0.0003
577.0 0.0002
578.0 0.0002
579.0 0.0001
580.0 0.0001
581.0 0.0001
582.0 0.0001
583.0 0.0001
584.0 0.0001
585.0 0.0001
586.0 0.0000
587.0 0.0000
588.0 0.0000
589.0 0.0000
590.0 0.0000
591.0 0.0000
592.0 0.0000
593.0 0.0000
594.0 0.0000
595.0 0.0000
596.0 0.0000
597.0 0.0000
598.0 0.0000
599.0 0.0000
600.0 0.0000
601.0 0.0000
602.0 0.0000
603.0 0.0000
604.0 0.0000
605.0 0.0000
606.0 0.0001
607.0 0.0001
608.0 0.0001
609.0 0.0001
610.0 0.0001
611.0 0.0001
612.0 0.0001
613.0 0.0001
614.0 0.0000
615.0 0.0000
616.0 0.0000
617.0 0.0000
618.0 0.0000
619.0 0.0000
620.0 0.0000
621.0 0.0000
622.0 0.0000
623.0 0.0000
624.0 0.0000
625.0 0.0000
626.0 0.0000
627.0 0.0000
628.0 0.0000
629.0 0.0000
630.0 0.0000
631.0 0.0000
632.0 0.0000
633.0 0.0000
634.0 0.0000
635.0 0.0000
636.0 0.0000
637.0 0.0000
638.0 0.0000
639.0 0.0000
640.0 0.0000
641.0 0.0000
642.0 0.0000
643.0 0.0000
644.0 0.0000
645.0 0.0000
646.0 0.0000
647.0 0.0000
648.0 0.0000
649.0 0.0000
650.0 0.0000
651.0 0.0000
652.0 0.0000
653.0 0.0000
654.0 0.0000
655.0 0.0000
656.0 0.0000
657.0 0.0000
658.0 0.0000
659.0 0.0000
660.0 0.0000
661.0 0.0000
662.0 0.0000
663.0 0.0000
664.0 0.0000
665.0 0.0000
666.0 0.0000
667.0 0.0000
668.0 0.0000
669.0 0.0000
670.0 0.0000
671.0 0.0000
672.0 0.0000
673.0 0.0000
674.0 0.0000
675.0 0.0000
676.0 0.0000
677.0 0.0000
678.0 0.0000
679.0 0.0000
680.0 0.0000
681.0 0.0000
682.0 0.0000
683.0 0.0000
684.0 0.0000
685.0 0.0000
686.0 0.0000
687.0 0.0000
688.0 0.0000
689.0 0.0000
690.0 0.0000
691.0 0.0000
692.0 0.0000
693.0 0.0000
694.0 0.0000
695.0 0.0000
696.0 0.0000
697.0 0.0000
698.0 0.0000
699.0 0.0000
700.0 0.0000
701.0 0.0000
702.0 0.0000
703.0 0.0000
704.0 0.0000
705.0 0.0000
706.0 0.0000
707.0 0.0000
708.0 0.0000
709.0 0.0001
710.0 0.0001
711.0 0.0001
712.0 0.0001
713.0 0.0001
714.0 0.0001
715.0 0.0001
716.0 0.0000
717.0 0.0000
718.0 0.0000
719.0 0.0000
720.0 0.0000
721.0 0.0000
722.0 0.0000
723.0 0.0000
724.0 0.0000
725.0 0.0000
726.0 0.0000
727.0 0.0000
728.0 0.0000
729.0 0.0000
730.0 0.0000
731.0 0.0000
732.0 0.0000
733.0 0.0000
734.0 0.0000
735.0 0.0000
736.0 0.0000
737.0 0.0000
738.0 0.0000
739.0 0.0000
740.0 0.0000
741.0 0.0000
742.0 0.0000
743.0 0.0000
744.0 0.0000
745.0 0.0000
746.0 0.0000
747.0 0.0000
748.0 0.0000
749.0 0.0000
750.0 0.0000
751.0 0.0000
752.0 0.0000
753.0 0.0000
754.0 0.0000
755.0 0.0000
756.0 0.0000
757.0 0.0000
758.0 0.0000
759.0 0.0000
760.0 0.0000
761.0 0.0000
762.0 0.0000
763.0 0.0000
764.0 0.0000
765.0 0.0000
766.0 0.0000
767.0 0.0000
768.0 0.0000
769.0 0.0000
770.0 0.0000
771.0 0.0000
772.0 0.0000
773.0 0.0000
774.0 0.0000
775.0 0.0000
776.0 0.0000
777.0 0.0000
778.0 0.0000
779.0 0.0000
780.0 0.0000
781.0 0.0000
782.0 0.0000
783.0 0.0000
784.0 0.0000
785.0 0.0000
786.0 0.0000
787.0 0.0000
788.0 0.0000
789.0 0.0000
790.0 0.0000
791.0 0.0000
792.0 0.0000
793.0 0.0000
794.0 0.0000
795.0 0.0000
796.0 0.0000
797.0 0.0000
798.0 0.0001
799.0 0.0000
800.0 0.0000
801.0 0.0000
802.0 0.0000
803.0 0.0000
804.0 0.0000
805.0 0.0000
806.0 0.0000
807.0 0.0000
808.0 0.0000
809.0 0.0000
810.0 0.0000
811.0 0.0000
812.0 0.0000
813.0 0.0000
814.0 0.0001
815.0 0.0001
816.0 0.0001
817.0 0.0001
818.0 0.0001
819.0 0.0001
820.0 0.0001
821.0 0.0001
822.0 0.0001
823.0 0.0000
824.0 0.0000
825.0 0.0000
826.0 0.0000
827.0 0.0000
828.0 0.0000
829.0 0.0000
830.0 0.0000
831.0 0.0000
832.0 0.0000
833.0 0.0000
834.0 0.0000
835.0 0.0000
836.0 0.0000
837.0 0.0000
838.0 0.0000
839.0 0.0000
840.0 0.0000
841.0 0.0000
842.0 0.0000
843.0 0.0001
844.0 0.0001
845.0 0.0000
846.0 0.0001
847.0 0.0002
848.0 0.0001
849.0 0.0001
850.0 0.0023
851.0 0.0001
852.0 0.0001
853.0 0.0002
854.0 0.0001
855.0 0.0012
856.0 0.0002
857.0 0.0001
858.0 0.0000
859.0 0.0001
860.0 0.0001
861.0 0.0000
862.0 0.0000
863.0 0.0000
864.0 0.0000
865.0 0.0000
866.0 0.0000
867.0 0.0000
868.0 0.0000
869.0 0.0000
870.0 0.0000
871.0 0.0000
872.0 0.0000
873.0 0.0000
874.0 0.0000
875.0 0.0000
876.0 0.0000
877.0 0.0000
878.0 0.0000
879.0 0.0000
880.0 0.0000
881.0 0.0000
882.0 0.0000
883.0 0.0000
884.0 0.0000
885.0 0.0000
886.0 0.0000
887.0 0.0000
888.0 0.0000
889.0 0.0000
890.0 0.0000
891.0 0.0000
892.0 0.0000
893.0 0.0000
894.0 0.0000
895.0 0.0000
896.0 0.0000
897.0 0.0000
898.0 0.0000
899.0 0.0000
900.0 0.0000
901.0 0.0000
902.0 0.0000
903.0 0.0000
904.0 0.0000
905.0 0.0000
906.0 0.0000
907.0 0.0000
908.0 0.0000
909.0 0.0000
910.0 0.0000
911.0 0.0000
912.0 0.0000
913.0 0.0000
914.0 0.0000
915.0 0.0000
916.0 0.0000
917.0 0.0000
918.0 0.0000
919.0 0.0000
920.0 0.0000
921.0 0.0000
922.0 0.0000
923.0 0.0000
924.0 0.0000
925.0 0.0000
926.0 0.0000
927.0 0.0000
928.0 0.0000
929.0 0.0000
930.0 0.0000
931.0 0.0000
932.0 0.0000
933.0 0.0000
934.0 0.0000
935.0 0.0000
936.0 0.0000
937.0 0.0000
938.0 0.0000
939.0 0.0000
940.0 0.0000
941.0 0.0000
942.0 0.0000
943.0 0.0000
944.0 0.0000
945.0 0.0000
946.0 0.0000
947.0 0.0000
948.0 0.0000
949.0 0.0000
950.0 0.0000
951.0 0.0000
952.0 0.0000
953.0 0.0000
954.0 0.0000
955.0 0.0000
956.0 0.0000
957.0 0.0000
958.0 0.0000
959.0 0.0000
960.0 0.0000
961.0 0.0000
962.0 0.0000
963.0 0.0000
964.0 0.0000
965.0 0.0000
966.0 0.0000
967.0 0.0000
968.0 0.0000
969.0 0.0000
970.0 0.0000
971.0 0.0000
972.0 0.0000
973.0 0.0000
974.0 0.0000
975.0 0.0000
976.0 0.0000
977.0 0.0000
978.0 0.0000
979.0 0.0000
980.0 0.0000
981.0 0.0000
982.0 0.0000
983.0 0.0000
984.0 0.0000
985.0 0.0000
986.0 0.0000
987.0 0.0000
988.0 0.0000
989.0 0.0000
990.0 0.0000
991.0 0.0000
992.0 0.0000
993.0 0.0000
994.0 0.0000
995.0 0.0000
996.0 0.0000
997.0 0.0000
998.0 0.0000
999.0 0.0000
1000.0 0.0000
1001.0 0.0000
1002.0 0.0000
1003.0 0.0000
1004.0 0.0000
1005.0 0.0000
1006.0 0.0000
1007.0 0.0000
1008.0 0.0000
1009.0 0.0000
1010.0 0.0000
1011.0 0.0000
1012.0 0.0000
1013.0 0.0000
1014.0 0.0000
1015.0 0.0000
1016.0 0.0000
1017.0 0.0000
1018.0 0.0000
1019.0 0.0000
1020.0 0.0000
1021.0 0.0000
1022.0 0.0000
1023.0 0.0000
1024.0 0.0000
1025.0 0.0000
1026.0 0.0000
1027.0 0.0000
1028.0 0.0000
1029.0 0.0000
1030.0 0.0000
1031.0 0.0000
1032.0 0.0000
1033.0 0.0000
1034.0 0.0000
1035.0 0.0000
1036.0 0.0000
1037.0 0.0000
1038.0 0.0000
1039.0 0.0000
1040.0 0.0000
1041.0 0.0000
1042.0 0.0000
1043.0 0.0000
1044.0 0.0000
1045.0 0.0000
1046.0 0.0000
1047.0 0.0000
1048.0 0.0000
1049.0 0.0000
1050.0 0.0000
1051.0 0.0000
1052.0 0.0000
1053.0 0.0000
1054.0 0.0000
1055.0 0.0000
1056.0 0.0000
1057.0 0.0000
1058.0 0.0000
1059.0 0.0000
1060.0 0.0000
1061.0 0.0000
1062.0 0.0000
1063.0 0.0000
1064.0 0.0000
1065.0 0.0000
1066.0 0.0000
1067.0 0.0000
1068.0 0.0000
1069.0 0.0000
1070.0 0.0000
1071.0 0.0000
1072.0 0.0000
1073.0 0.0000
1074.0 0.0000
1075.0 0.0000
1076.0 0.0000
1077.0 0.0000
1078.0 0.0000
1079.0 0.0000
1080.0 0.0000
1081.0 0.0000
1082.0 0.0000
1083.0 0.0000
1084.0 0.0000
1085.0 0.0000
1086.0 0.0000
1087.0 0.0000
1088.0 0.0000
1089.0 0.0000
1090.0 0.0000
1091.0 0.0000
1092.0 0.0000
1093.0 0.0000
1094.0 0.0000
1095.0 0.0000
1096.0 0.0000
1097.0 0.0000
1098.0 0.0000
1099.0 0.0000
1100.0 0.0000
1101.0 0.0000
1102.0 0.0000
1103.0 0.0000
1104.0 0.0000
1105.0 0.0000
1106.0 0.0000
1107.0 0.0000
1108.0 0.0000
1109.0 0.0000
1110.0 0.0000
1111.0 0.0000
1112.0 0.0000
1113.0 0.0000
1114.0 0.0000
1115.0 0.0000
1116.0 0.0000
1117.0 0.0000
1118.0 0.0000
1119.0 0.0000
1120.0 0.0000
1121.0 0.0000
1122.0 0.0000
1123.0 0.0000
1124.0 0.0000
1125.0 0.0000
1126.0 0.0000
1127.0 0.0000
1128.0 0.0000
1129.0 0.0000
1130.0 0.0000
1131.0 0.0000
1132.0 0.0000
1133.0 0.0000
1134.0 0.0000
1135.0 0.0000
1136.0 0.0000
1137.0 0.0000
1138.0 0.0000
1139.0 0.0000
1140.0 0.0000
1141.0 0.0000
1142.0 0.0001
1143.0 0.0001
1144.0 0.0001
1145.0 0.0001
1146.0 0.0001
1147.0 0.0001
1148.0 0.0001
1149.0 0.0001
1150.0 0.0002
1151.0 0.0002
1152.0 0.0002
1153.0 0.0002
1154.0 0.0003
1155.0 0.0003
1156.0 0.0003
1157.0 0.0004
1158.0 0.0004
1159.0 0.0004
1160.0 0.0004
1161.0 0.0005
1162.0 0.0005
1163.0 0.0005
1164.0 0.0005
1165.0 0.0006
1166.0 0.0006
1167.0 0.0006
1168.0 0.0006
1169.0 0.0006
1170.0 0.0006
1171.0 0.0006
1172.0 0.0006
1173.0 0.0006
1174.0 0.0006
1175.0 0.0006
1176.0 0.0006
1177.0 0.0006
1178.0 0.0006
1179.0 0.0006
1180.0 0.0006
1181.0 0.0006
1182.0 0.0006
1183.0 0.0006
1184.0 0.0007
1185.0 0.0007
1186.0 0.0008
1187.0 0.0008
1188.0 0.0009
1189.0 0.0010
1190.0 0.0011
1191.0 0.0012
1192.0 0.0013
1193.0 0.0015
1194.0 0.0018
1195.0 0.0020
1196.0 0.0024
1197.0 0.0028
1198.0 0.0033
1199.0 0.0040
1200.0 0.0048
