# Data from LCA-18, V24
# File name: LCA-18_Throughput_Budget_2016-07-29.xlsx
# tab: Performance summary, col: U

300.0 0.9959
301.0 0.9959
302.0 0.9958
303.0 0.9958
304.0 0.9957
305.0 0.9957
306.0 0.9958
307.0 0.9959
308.0 0.9960
309.0 0.9960
310.0 0.9961
311.0 0.9962
312.0 0.9963
313.0 0.9964
314.0 0.9965
315.0 0.9966
316.0 0.9965
317.0 0.9965
318.0 0.9964
319.0 0.9964
320.0 0.9963
321.0 0.9964
322.0 0.9964
323.0 0.9965
324.0 0.9965
325.0 0.9966
326.0 0.9966
327.0 0.9966
328.0 0.9966
329.0 0.9966
330.0 0.9966
331.0 0.9966
332.0 0.9966
333.0 0.9967
334.0 0.9967
335.0 0.9968
336.0 0.9970
337.0 0.9972
338.0 0.9974
339.0 0.9976
340.0 0.9979
341.0 0.9980
342.0 0.9982
343.0 0.9984
344.0 0.9985
345.0 0.9987
346.0 0.9988
347.0 0.9989
348.0 0.9990
349.0 0.9991
350.0 0.9991
351.0 0.9991
352.0 0.9991
353.0 0.9990
354.0 0.9990
355.0 0.9989
356.0 0.9989
357.0 0.9989
358.0 0.9989
359.0 0.9989
360.0 0.9989
361.0 0.9990
362.0 0.9990
363.0 0.9991
364.0 0.9991
365.0 0.9991
366.0 0.9992
367.0 0.9992
368.0 0.9993
369.0 0.9993
370.0 0.9994
371.0 0.9993
372.0 0.9993
373.0 0.9992
374.0 0.9992
375.0 0.9991
376.0 0.9992
377.0 0.9992
378.0 0.9993
379.0 0.9993
380.0 0.9994
381.0 0.9994
382.0 0.9994
383.0 0.9995
384.0 0.9995
385.0 0.9996
386.0 0.9996
387.0 0.9996
388.0 0.9996
389.0 0.9996
390.0 0.9996
391.0 0.9996
392.0 0.9997
393.0 0.9997
394.0 0.9997
395.0 0.9998
396.0 0.9999
397.0 1.0000
398.0 1.0000
399.0 1.0000
400.0 1.0000
401.0 1.0000
402.0 1.0000
403.0 1.0000
404.0 1.0000
405.0 1.0000
406.0 1.0000
407.0 1.0000
408.0 1.0000
409.0 1.0000
410.0 1.0000
411.0 1.0000
412.0 1.0000
413.0 1.0000
414.0 1.0000
415.0 1.0000
416.0 1.0000
417.0 1.0000
418.0 1.0000
419.0 1.0000
420.0 1.0000
421.0 1.0000
422.0 1.0000
423.0 1.0000
424.0 1.0000
425.0 1.0000
426.0 1.0000
427.0 1.0000
428.0 1.0000
429.0 1.0000
430.0 1.0000
431.0 1.0000
432.0 1.0000
433.0 1.0000
434.0 1.0000
435.0 1.0000
436.0 1.0000
437.0 0.9999
438.0 0.9999
439.0 0.9998
440.0 0.9998
441.0 0.9998
442.0 0.9998
443.0 0.9998
444.0 0.9998
445.0 0.9998
446.0 0.9998
447.0 0.9998
448.0 0.9998
449.0 0.9998
450.0 0.9998
451.0 0.9997
452.0 0.9997
453.0 0.9997
454.0 0.9996
455.0 0.9996
456.0 0.9996
457.0 0.9996
458.0 0.9996
459.0 0.9996
460.0 0.9996
461.0 0.9995
462.0 0.9995
463.0 0.9994
464.0 0.9994
465.0 0.9994
466.0 0.9994
467.0 0.9994
468.0 0.9994
469.0 0.9994
470.0 0.9994
471.0 0.9994
472.0 0.9994
473.0 0.9994
474.0 0.9994
475.0 0.9994
476.0 0.9994
477.0 0.9994
478.0 0.9994
479.0 0.9994
480.0 0.9994
481.0 0.9994
482.0 0.9994
483.0 0.9994
484.0 0.9994
485.0 0.9994
486.0 0.9993
487.0 0.9993
488.0 0.9992
489.0 0.9992
490.0 0.9991
491.0 0.9991
492.0 0.9991
493.0 0.9991
494.0 0.9991
495.0 0.9991
496.0 0.9991
497.0 0.9991
498.0 0.9991
499.0 0.9991
500.0 0.9991
501.0 0.9991
502.0 0.9991
503.0 0.9991
504.0 0.9991
505.0 0.9991
506.0 0.9991
507.0 0.9991
508.0 0.9990
509.0 0.9990
510.0 0.9989
511.0 0.9989
512.0 0.9989
513.0 0.9989
514.0 0.9989
515.0 0.9989
516.0 0.9989
517.0 0.9989
518.0 0.9989
519.0 0.9989
520.0 0.9989
521.0 0.9989
522.0 0.9989
523.0 0.9989
524.0 0.9989
525.0 0.9989
526.0 0.9989
527.0 0.9989
528.0 0.9989
529.0 0.9989
530.0 0.9989
531.0 0.9989
532.0 0.9989
533.0 0.9989
534.0 0.9989
535.0 0.9989
536.0 0.9989
537.0 0.9989
538.0 0.9989
539.0 0.9989
540.0 0.9989
541.0 0.9989
542.0 0.9988
543.0 0.9988
544.0 0.9988
545.0 0.9987
546.0 0.9987
547.0 0.9987
548.0 0.9987
549.0 0.9987
550.0 0.9987
551.0 0.9987
552.0 0.9987
553.0 0.9987
554.0 0.9987
555.0 0.9987
556.0 0.9987
557.0 0.9987
558.0 0.9987
559.0 0.9987
560.0 0.9987
561.0 0.9987
562.0 0.9987
563.0 0.9987
564.0 0.9987
565.0 0.9987
566.0 0.9987
567.0 0.9987
568.0 0.9987
569.0 0.9987
570.0 0.9987
571.0 0.9987
572.0 0.9987
573.0 0.9987
574.0 0.9987
575.0 0.9987
576.0 0.9987
577.0 0.9987
578.0 0.9987
579.0 0.9987
580.0 0.9987
581.0 0.9987
582.0 0.9987
583.0 0.9987
584.0 0.9987
585.0 0.9987
586.0 0.9988
587.0 0.9988
588.0 0.9988
589.0 0.9989
590.0 0.9989
591.0 0.9989
592.0 0.9988
593.0 0.9988
594.0 0.9988
595.0 0.9987
596.0 0.9988
597.0 0.9988
598.0 0.9988
599.0 0.9989
600.0 0.9989
601.0 0.9989
602.0 0.9988
603.0 0.9988
604.0 0.9988
605.0 0.9987
606.0 0.9987
607.0 0.9987
608.0 0.9987
609.0 0.9987
610.0 0.9987
611.0 0.9987
612.0 0.9987
613.0 0.9987
614.0 0.9987
615.0 0.9987
616.0 0.9987
617.0 0.9987
618.0 0.9987
619.0 0.9987
620.0 0.9987
621.0 0.9987
622.0 0.9987
623.0 0.9987
624.0 0.9987
625.0 0.9987
626.0 0.9988
627.0 0.9988
628.0 0.9988
629.0 0.9989
630.0 0.9989
631.0 0.9989
632.0 0.9988
633.0 0.9988
634.0 0.9988
635.0 0.9987
636.0 0.9987
637.0 0.9987
638.0 0.9987
639.0 0.9987
640.0 0.9987
641.0 0.9987
642.0 0.9987
643.0 0.9987
644.0 0.9987
645.0 0.9987
646.0 0.9987
647.0 0.9987
648.0 0.9987
649.0 0.9987
650.0 0.9987
651.0 0.9987
652.0 0.9986
653.0 0.9986
654.0 0.9985
655.0 0.9985
656.0 0.9985
657.0 0.9985
658.0 0.9985
659.0 0.9985
660.0 0.9985
661.0 0.9985
662.0 0.9985
663.0 0.9985
664.0 0.9985
665.0 0.9985
666.0 0.9985
667.0 0.9984
668.0 0.9984
669.0 0.9983
670.0 0.9983
671.0 0.9983
672.0 0.9983
673.0 0.9983
674.0 0.9983
675.0 0.9983
676.0 0.9983
677.0 0.9983
678.0 0.9983
679.0 0.9983
680.0 0.9983
681.0 0.9983
682.0 0.9983
683.0 0.9983
684.0 0.9983
685.0 0.9983
686.0 0.9982
687.0 0.9982
688.0 0.9982
689.0 0.9981
690.0 0.9981
691.0 0.9981
692.0 0.9981
693.0 0.9981
694.0 0.9981
695.0 0.9981
696.0 0.9981
697.0 0.9981
698.0 0.9981
699.0 0.9981
700.0 0.9981
701.0 0.9981
702.0 0.9981
703.0 0.9981
704.0 0.9981
705.0 0.9981
706.0 0.9981
707.0 0.9981
708.0 0.9981
709.0 0.9981
710.0 0.9981
711.0 0.9981
712.0 0.9981
713.0 0.9981
714.0 0.9981
715.0 0.9981
716.0 0.9980
717.0 0.9980
718.0 0.9979
719.0 0.9979
720.0 0.9979
721.0 0.9978
722.0 0.9978
723.0 0.9977
724.0 0.9977
725.0 0.9976
726.0 0.9976
727.0 0.9976
728.0 0.9976
729.0 0.9976
730.0 0.9976
731.0 0.9977
732.0 0.9977
733.0 0.9978
734.0 0.9978
735.0 0.9979
736.0 0.9979
737.0 0.9979
738.0 0.9979
739.0 0.9979
740.0 0.9979
741.0 0.9979
742.0 0.9979
743.0 0.9979
744.0 0.9979
745.0 0.9979
746.0 0.9979
747.0 0.9979
748.0 0.9979
749.0 0.9979
750.0 0.9979
751.0 0.9979
752.0 0.9979
753.0 0.9979
754.0 0.9979
755.0 0.9979
756.0 0.9979
757.0 0.9979
758.0 0.9980
759.0 0.9980
760.0 0.9981
761.0 0.9981
762.0 0.9981
763.0 0.9981
764.0 0.9981
765.0 0.9981
766.0 0.9981
767.0 0.9981
768.0 0.9981
769.0 0.9981
770.0 0.9981
771.0 0.9981
772.0 0.9982
773.0 0.9982
774.0 0.9982
775.0 0.9983
776.0 0.9983
777.0 0.9983
778.0 0.9983
779.0 0.9983
780.0 0.9983
781.0 0.9983
782.0 0.9983
783.0 0.9983
784.0 0.9983
785.0 0.9983
786.0 0.9983
787.0 0.9983
788.0 0.9983
789.0 0.9983
790.0 0.9983
791.0 0.9983
792.0 0.9983
793.0 0.9983
794.0 0.9983
795.0 0.9983
796.0 0.9983
797.0 0.9983
798.0 0.9983
799.0 0.9983
800.0 0.9983
801.0 0.9983
802.0 0.9983
803.0 0.9983
804.0 0.9983
805.0 0.9983
806.0 0.9983
807.0 0.9983
808.0 0.9983
809.0 0.9983
810.0 0.9983
811.0 0.9983
812.0 0.9983
813.0 0.9983
814.0 0.9983
815.0 0.9983
816.0 0.9983
817.0 0.9983
818.0 0.9983
819.0 0.9983
820.0 0.9983
821.0 0.9983
822.0 0.9983
823.0 0.9983
824.0 0.9983
825.0 0.9983
826.0 0.9983
827.0 0.9983
828.0 0.9983
829.0 0.9983
830.0 0.9983
831.0 0.9983
832.0 0.9983
833.0 0.9983
834.0 0.9983
835.0 0.9983
836.0 0.9982
837.0 0.9982
838.0 0.9982
839.0 0.9981
840.0 0.9981
841.0 0.9980
842.0 0.9980
843.0 0.9979
844.0 0.9979
845.0 0.9979
846.0 0.9979
847.0 0.9979
848.0 0.9980
849.0 0.9980
850.0 0.9981
851.0 0.9980
852.0 0.9980
853.0 0.9979
854.0 0.9979
855.0 0.9979
856.0 0.9979
857.0 0.9979
858.0 0.9980
859.0 0.9980
860.0 0.9981
861.0 0.9980
862.0 0.9980
863.0 0.9979
864.0 0.9979
865.0 0.9979
866.0 0.9979
867.0 0.9979
868.0 0.9980
869.0 0.9980
870.0 0.9981
871.0 0.9979
872.0 0.9978
873.0 0.9977
874.0 0.9976
875.0 0.9974
876.0 0.9974
877.0 0.9974
878.0 0.9974
879.0 0.9974
880.0 0.9974
881.0 0.9975
882.0 0.9976
883.0 0.9977
884.0 0.9978
885.0 0.9979
886.0 0.9980
887.0 0.9981
888.0 0.9982
889.0 0.9984
890.0 0.9985
891.0 0.9983
892.0 0.9982
893.0 0.9980
894.0 0.9978
895.0 0.9976
896.0 0.9979
897.0 0.9981
898.0 0.9983
899.0 0.9985
900.0 0.9987
901.0 0.9986
902.0 0.9985
903.0 0.9983
904.0 0.9982
905.0 0.9981
906.0 0.9980
907.0 0.9980
908.0 0.9979
909.0 0.9979
910.0 0.9979
911.0 0.9979
912.0 0.9979
913.0 0.9979
914.0 0.9979
915.0 0.9979
916.0 0.9978
917.0 0.9978
918.0 0.9977
919.0 0.9977
920.0 0.9976
921.0 0.9976
922.0 0.9975
923.0 0.9974
924.0 0.9973
925.0 0.9972
926.0 0.9969
927.0 0.9967
928.0 0.9964
929.0 0.9962
930.0 0.9959
931.0 0.9954
932.0 0.9950
933.0 0.9945
934.0 0.9940
935.0 0.9936
936.0 0.9932
937.0 0.9929
938.0 0.9925
939.0 0.9922
940.0 0.9918
941.0 0.9919
942.0 0.9920
943.0 0.9921
944.0 0.9922
945.0 0.9923
946.0 0.9926
947.0 0.9929
948.0 0.9932
949.0 0.9935
950.0 0.9938
951.0 0.9940
952.0 0.9943
953.0 0.9945
954.0 0.9948
955.0 0.9951
956.0 0.9952
957.0 0.9954
958.0 0.9956
959.0 0.9957
960.0 0.9959
961.0 0.9960
962.0 0.9962
963.0 0.9963
964.0 0.9964
965.0 0.9966
966.0 0.9966
967.0 0.9967
968.0 0.9968
969.0 0.9969
970.0 0.9970
971.0 0.9970
972.0 0.9971
973.0 0.9971
974.0 0.9972
975.0 0.9972
976.0 0.9973
977.0 0.9973
978.0 0.9973
979.0 0.9974
980.0 0.9974
981.0 0.9975
982.0 0.9975
983.0 0.9976
984.0 0.9976
985.0 0.9976
986.0 0.9976
987.0 0.9976
988.0 0.9975
989.0 0.9975
990.0 0.9974
991.0 0.9974
992.0 0.9974
993.0 0.9974
994.0 0.9974
995.0 0.9974
996.0 0.9975
997.0 0.9975
998.0 0.9976
999.0 0.9976
1000.0 0.9976
1001.0 0.9976
1002.0 0.9976
1003.0 0.9976
1004.0 0.9976
1005.0 0.9976
1006.0 0.9976
1007.0 0.9976
1008.0 0.9975
1009.0 0.9975
1010.0 0.9974
1011.0 0.9975
1012.0 0.9975
1013.0 0.9976
1014.0 0.9976
1015.0 0.9976
1016.0 0.9976
1017.0 0.9976
1018.0 0.9976
1019.0 0.9976
1020.0 0.9976
1021.0 0.9976
1022.0 0.9976
1023.0 0.9976
1024.0 0.9976
1025.0 0.9976
1026.0 0.9976
1027.0 0.9976
1028.0 0.9975
1029.0 0.9975
1030.0 0.9974
1031.0 0.9975
1032.0 0.9975
1033.0 0.9976
1034.0 0.9976
1035.0 0.9976
1036.0 0.9976
1037.0 0.9976
1038.0 0.9976
1039.0 0.9976
1040.0 0.9976
1041.0 0.9976
1042.0 0.9976
1043.0 0.9976
1044.0 0.9976
1045.0 0.9976
1046.0 0.9976
1047.0 0.9976
1048.0 0.9975
1049.0 0.9975
1050.0 0.9974
1051.0 0.9974
1052.0 0.9974
1053.0 0.9974
1054.0 0.9974
1055.0 0.9974
1056.0 0.9974
1057.0 0.9974
1058.0 0.9974
1059.0 0.9974
1060.0 0.9974
1061.0 0.9974
1062.0 0.9974
1063.0 0.9974
1064.0 0.9974
1065.0 0.9974
1066.0 0.9974
1067.0 0.9974
1068.0 0.9974
1069.0 0.9974
1070.0 0.9974
1071.0 0.9974
1072.0 0.9974
1073.0 0.9974
1074.0 0.9974
1075.0 0.9974
1076.0 0.9974
1077.0 0.9974
1078.0 0.9974
1079.0 0.9974
1080.0 0.9974
1081.0 0.9974
1082.0 0.9973
1083.0 0.9973
1084.0 0.9973
1085.0 0.9972
1086.0 0.9972
1087.0 0.9972
1088.0 0.9972
1089.0 0.9972
1090.0 0.9972
1091.0 0.9972
1092.0 0.9972
1093.0 0.9972
1094.0 0.9972
1095.0 0.9972
1096.0 0.9972
1097.0 0.9972
1098.0 0.9972
1099.0 0.9972
1100.0 0.9972
1101.0 0.9972
1102.0 0.9972
1103.0 0.9972
1104.0 0.9972
1105.0 0.9972
1106.0 0.9972
1107.0 0.9971
1108.0 0.9971
1109.0 0.9970
1110.0 0.9970
1111.0 0.9970
1112.0 0.9971
1113.0 0.9971
1114.0 0.9972
1115.0 0.9972
1116.0 0.9972
1117.0 0.9972
1118.0 0.9972
1119.0 0.9972
1120.0 0.9972
1121.0 0.9972
1122.0 0.9971
1123.0 0.9971
1124.0 0.9970
1125.0 0.9970
1126.0 0.9969
1127.0 0.9969
1128.0 0.9969
1129.0 0.9968
1130.0 0.9968
1131.0 0.9968
1132.0 0.9968
1133.0 0.9968
1134.0 0.9968
1135.0 0.9968
1136.0 0.9968
1137.0 0.9968
1138.0 0.9968
1139.0 0.9968
1140.0 0.9968
1141.0 0.9968
1142.0 0.9968
1143.0 0.9968
1144.0 0.9968
1145.0 0.9968
1146.0 0.9968
1147.0 0.9968
1148.0 0.9968
1149.0 0.9968
1150.0 0.9968
1151.0 0.9968
1152.0 0.9968
1153.0 0.9968
1154.0 0.9968
1155.0 0.9968
1156.0 0.9968
1157.0 0.9968
1158.0 0.9968
1159.0 0.9968
1160.0 0.9968
1161.0 0.9967
1162.0 0.9967
1163.0 0.9966
1164.0 0.9966
1165.0 0.9966
1166.0 0.9966
1167.0 0.9966
1168.0 0.9967
1169.0 0.9967
1170.0 0.9968
1171.0 0.9967
1172.0 0.9967
1173.0 0.9966
1174.0 0.9966
1175.0 0.9966
1176.0 0.9965
1177.0 0.9965
1178.0 0.9964
1179.0 0.9964
1180.0 0.9963
1181.0 0.9963
1182.0 0.9963
1183.0 0.9963
1184.0 0.9963
1185.0 0.9963
1186.0 0.9963
1187.0 0.9963
1188.0 0.9963
1189.0 0.9963
1190.0 0.9963
1191.0 0.9963
1192.0 0.9963
1193.0 0.9962
1194.0 0.9962
1195.0 0.9961
1196.0 0.9961
1197.0 0.9960
1198.0 0.9960
1199.0 0.9960
1200.0 0.9959
