# Data from LCA-18, V24
# File name: LCA-18_Throughput_Budget_2016-07-29.xlsx
# tab: Performance summary, col: AC

300.0 0.0000
301.0 0.0000
302.0 0.0000
303.0 0.0000
304.0 0.0000
305.0 0.0000
306.0 0.0000
307.0 0.0000
308.0 0.0000
309.0 0.0000
310.0 0.0000
311.0 0.0000
312.0 0.0000
313.0 0.0000
314.0 0.0000
315.0 0.0000
316.0 0.0000
317.0 0.0000
318.0 0.0000
319.0 0.0000
320.0 0.0000
321.0 0.0000
322.0 0.0000
323.0 0.0000
324.0 0.0000
325.0 0.0000
326.0 0.0000
327.0 0.0000
328.0 0.0000
329.0 0.0000
330.0 0.0000
331.0 0.0000
332.0 0.0000
333.0 0.0000
334.0 0.0000
335.0 0.0000
336.0 0.0000
337.0 0.0000
338.0 0.0000
339.0 0.0000
340.0 0.0000
341.0 0.0000
342.0 0.0000
343.0 0.0000
344.0 0.0000
345.0 0.0000
346.0 0.0000
347.0 0.0000
348.0 0.0000
349.0 0.0000
350.0 0.0000
351.0 0.0000
352.0 0.0000
353.0 0.0000
354.0 0.0000
355.0 0.0000
356.0 0.0000
357.0 0.0000
358.0 0.0000
359.0 0.0000
360.0 0.0000
361.0 0.0000
362.0 0.0000
363.0 0.0000
364.0 0.0000
365.0 0.0000
366.0 0.0000
367.0 0.0000
368.0 0.0000
369.0 0.0000
370.0 0.0000
371.0 0.0000
372.0 0.0000
373.0 0.0000
374.0 0.0000
375.0 0.0000
376.0 0.0000
377.0 0.0000
378.0 0.0000
379.0 0.0000
380.0 0.0000
381.0 0.0000
382.0 0.0000
383.0 0.0000
384.0 0.0000
385.0 0.0000
386.0 0.0000
387.0 0.0000
388.0 0.0000
389.0 0.0000
390.0 0.0000
391.0 0.0000
392.0 0.0000
393.0 0.0000
394.0 0.0000
395.0 0.0000
396.0 0.0000
397.0 0.0000
398.0 0.0000
399.0 0.0000
400.0 0.0000
401.0 0.0000
402.0 0.0000
403.0 0.0000
404.0 0.0000
405.0 0.0000
406.0 0.0000
407.0 0.0000
408.0 0.0000
409.0 0.0000
410.0 0.0000
411.0 0.0000
412.0 0.0000
413.0 0.0000
414.0 0.0000
415.0 0.0000
416.0 0.0000
417.0 0.0000
418.0 0.0000
419.0 0.0000
420.0 0.0000
421.0 0.0000
422.0 0.0000
423.0 0.0000
424.0 0.0000
425.0 0.0000
426.0 0.0000
427.0 0.0000
428.0 0.0000
429.0 0.0000
430.0 0.0000
431.0 0.0000
432.0 0.0000
433.0 0.0000
434.0 0.0000
435.0 0.0000
436.0 0.0000
437.0 0.0000
438.0 0.0000
439.0 0.0000
440.0 0.0000
441.0 0.0000
442.0 0.0000
443.0 0.0000
444.0 0.0000
445.0 0.0000
446.0 0.0000
447.0 0.0000
448.0 0.0000
449.0 0.0000
450.0 0.0000
451.0 0.0000
452.0 0.0000
453.0 0.0000
454.0 0.0000
455.0 0.0000
456.0 0.0000
457.0 0.0000
458.0 0.0000
459.0 0.0000
460.0 0.0000
461.0 0.0000
462.0 0.0000
463.0 0.0000
464.0 0.0000
465.0 0.0000
466.0 0.0000
467.0 0.0000
468.0 0.0000
469.0 0.0000
470.0 0.0000
471.0 0.0000
472.0 0.0000
473.0 0.0000
474.0 0.0000
475.0 0.0000
476.0 0.0000
477.0 0.0000
478.0 0.0000
479.0 0.0000
480.0 0.0000
481.0 0.0000
482.0 0.0000
483.0 0.0000
484.0 0.0000
485.0 0.0000
486.0 0.0000
487.0 0.0000
488.0 0.0000
489.0 0.0000
490.0 0.0000
491.0 0.0000
492.0 0.0000
493.0 0.0000
494.0 0.0000
495.0 0.0000
496.0 0.0000
497.0 0.0000
498.0 0.0000
499.0 0.0000
500.0 0.0000
501.0 0.0000
502.0 0.0000
503.0 0.0000
504.0 0.0000
505.0 0.0000
506.0 0.0000
507.0 0.0000
508.0 0.0000
509.0 0.0000
510.0 0.0000
511.0 0.0000
512.0 0.0000
513.0 0.0000
514.0 0.0000
515.0 0.0000
516.0 0.0000
517.0 0.0000
518.0 0.0000
519.0 0.0000
520.0 0.0000
521.0 0.0000
522.0 0.0000
523.0 0.0000
524.0 0.0000
525.0 0.0000
526.0 0.0000
527.0 0.0000
528.0 0.0000
529.0 0.0000
530.0 0.0000
531.0 0.0000
532.0 0.0000
533.0 0.0000
534.0 0.0000
535.0 0.0000
536.0 0.0000
537.0 0.0000
538.0 0.0000
539.0 0.0000
540.0 0.0000
541.0 0.0000
542.0 0.0000
543.0 0.0000
544.0 0.0000
545.0 0.0000
546.0 0.0000
547.0 0.0000
548.0 0.0000
549.0 0.0000
550.0 0.0000
551.0 0.0000
552.0 0.0000
553.0 0.0000
554.0 0.0000
555.0 0.0000
556.0 0.0000
557.0 0.0000
558.0 0.0000
559.0 0.0000
560.0 0.0000
561.0 0.0000
562.0 0.0000
563.0 0.0000
564.0 0.0000
565.0 0.0000
566.0 0.0000
567.0 0.0000
568.0 0.0000
569.0 0.0000
570.0 0.0000
571.0 0.0000
572.0 0.0000
573.0 0.0000
574.0 0.0000
575.0 0.0000
576.0 0.0000
577.0 0.0000
578.0 0.0000
579.0 0.0000
580.0 0.0000
581.0 0.0000
582.0 0.0000
583.0 0.0000
584.0 0.0000
585.0 0.0000
586.0 0.0000
587.0 0.0000
588.0 0.0000
589.0 0.0000
590.0 0.0000
591.0 0.0000
592.0 0.0000
593.0 0.0000
594.0 0.0000
595.0 0.0000
596.0 0.0000
597.0 0.0000
598.0 0.0000
599.0 0.0000
600.0 0.0000
601.0 0.0000
602.0 0.0000
603.0 0.0000
604.0 0.0000
605.0 0.0000
606.0 0.0000
607.0 0.0000
608.0 0.0000
609.0 0.0000
610.0 0.0000
611.0 0.0000
612.0 0.0000
613.0 0.0000
614.0 0.0000
615.0 0.0000
616.0 0.0000
617.0 0.0000
618.0 0.0000
619.0 0.0000
620.0 0.0000
621.0 0.0000
622.0 0.0000
623.0 0.0000
624.0 0.0000
625.0 0.0000
626.0 0.0000
627.0 0.0000
628.0 0.0000
629.0 0.0000
630.0 0.0000
631.0 0.0000
632.0 0.0000
633.0 0.0000
634.0 0.0000
635.0 0.0000
636.0 0.0000
637.0 0.0000
638.0 0.0000
639.0 0.0000
640.0 0.0000
641.0 0.0000
642.0 0.0000
643.0 0.0000
644.0 0.0000
645.0 0.0000
646.0 0.0000
647.0 0.0000
648.0 0.0000
649.0 0.0000
650.0 0.0000
651.0 0.0000
652.0 0.0000
653.0 0.0000
654.0 0.0000
655.0 0.0000
656.0 0.0000
657.0 0.0000
658.0 0.0000
659.0 0.0000
660.0 0.0000
661.0 0.0000
662.0 0.0000
663.0 0.0000
664.0 0.0000
665.0 0.0000
666.0 0.0000
667.0 0.0000
668.0 0.0000
669.0 0.0000
670.0 0.0000
671.0 0.0000
672.0 0.0000
673.0 0.0000
674.0 0.0001
675.0 0.0004
676.0 0.0021
677.0 0.0126
678.0 0.0212
679.0 0.0241
680.0 0.0572
681.0 0.0979
682.0 0.0973
683.0 0.1197
684.0 0.1490
685.0 0.1696
686.0 0.2214
687.0 0.2533
688.0 0.2760
689.0 0.3168
690.0 0.3696
691.0 0.4575
692.0 0.5285
693.0 0.5576
694.0 0.6139
695.0 0.6670
696.0 0.7242
697.0 0.7787
698.0 0.8096
699.0 0.8462
700.0 0.8837
701.0 0.9175
702.0 0.9448
703.0 0.9639
704.0 0.9752
705.0 0.9809
706.0 0.9839
707.0 0.9861
708.0 0.9882
709.0 0.9901
710.0 0.9917
711.0 0.9929
712.0 0.9937
713.0 0.9941
714.0 0.9943
715.0 0.9942
716.0 0.9941
717.0 0.9939
718.0 0.9938
719.0 0.9937
720.0 0.9938
721.0 0.9937
722.0 0.9936
723.0 0.9932
724.0 0.9926
725.0 0.9918
726.0 0.9908
727.0 0.9897
728.0 0.9886
729.0 0.9874
730.0 0.9864
731.0 0.9854
732.0 0.9845
733.0 0.9837
734.0 0.9830
735.0 0.9825
736.0 0.9822
737.0 0.9819
738.0 0.9819
739.0 0.9819
740.0 0.9820
741.0 0.9820
742.0 0.9819
743.0 0.9817
744.0 0.9814
745.0 0.9810
746.0 0.9805
747.0 0.9800
748.0 0.9796
749.0 0.9793
750.0 0.9792
751.0 0.9792
752.0 0.9795
753.0 0.9798
754.0 0.9802
755.0 0.9805
756.0 0.9808
757.0 0.9809
758.0 0.9808
759.0 0.9806
760.0 0.9803
761.0 0.9800
762.0 0.9797
763.0 0.9794
764.0 0.9792
765.0 0.9792
766.0 0.9793
767.0 0.9795
768.0 0.9798
769.0 0.9802
770.0 0.9805
771.0 0.9808
772.0 0.9810
773.0 0.9813
774.0 0.9816
775.0 0.9819
776.0 0.9823
777.0 0.9829
778.0 0.9835
779.0 0.9842
780.0 0.9849
781.0 0.9856
782.0 0.9862
783.0 0.9867
784.0 0.9871
785.0 0.9874
786.0 0.9876
787.0 0.9877
788.0 0.9879
789.0 0.9880
790.0 0.9882
791.0 0.9883
792.0 0.9884
793.0 0.9884
794.0 0.9884
795.0 0.9884
796.0 0.9884
797.0 0.9883
798.0 0.9880
799.0 0.9872
800.0 0.9856
801.0 0.9829
802.0 0.9793
803.0 0.9753
804.0 0.9720
805.0 0.9683
806.0 0.9575
807.0 0.9435
808.0 0.9373
809.0 0.9206
810.0 0.8647
811.0 0.8068
812.0 0.7720
813.0 0.7390
814.0 0.7065
815.0 0.6868
816.0 0.6535
817.0 0.5983
818.0 0.5487
819.0 0.4898
820.0 0.4312
821.0 0.3825
822.0 0.3193
823.0 0.2459
824.0 0.1884
825.0 0.1450
826.0 0.1015
827.0 0.0582
828.0 0.0297
829.0 0.0153
830.0 0.0083
831.0 0.0047
832.0 0.0028
833.0 0.0018
834.0 0.0011
835.0 0.0007
836.0 0.0005
837.0 0.0003
838.0 0.0002
839.0 0.0001
840.0 0.0001
841.0 0.0001
842.0 0.0000
843.0 0.0000
844.0 0.0000
845.0 0.0000
846.0 0.0000
847.0 0.0000
848.0 0.0000
849.0 0.0000
850.0 0.0000
851.0 0.0000
852.0 0.0000
853.0 0.0000
854.0 0.0000
855.0 0.0000
856.0 0.0000
857.0 0.0000
858.0 0.0000
859.0 0.0000
860.0 0.0000
861.0 0.0000
862.0 0.0000
863.0 0.0000
864.0 0.0000
865.0 0.0000
866.0 0.0000
867.0 0.0000
868.0 0.0000
869.0 0.0000
870.0 0.0000
871.0 0.0000
872.0 0.0000
873.0 0.0000
874.0 0.0000
875.0 0.0000
876.0 0.0000
877.0 0.0000
878.0 0.0000
879.0 0.0000
880.0 0.0000
881.0 0.0000
882.0 0.0000
883.0 0.0000
884.0 0.0000
885.0 0.0000
886.0 0.0000
887.0 0.0000
888.0 0.0000
889.0 0.0000
890.0 0.0000
891.0 0.0000
892.0 0.0000
893.0 0.0000
894.0 0.0000
895.0 0.0000
896.0 0.0000
897.0 0.0000
898.0 0.0000
899.0 0.0000
900.0 0.0000
901.0 0.0000
902.0 0.0000
903.0 0.0000
904.0 0.0000
905.0 0.0000
906.0 0.0000
907.0 0.0000
908.0 0.0000
909.0 0.0000
910.0 0.0000
911.0 0.0000
912.0 0.0000
913.0 0.0000
914.0 0.0000
915.0 0.0000
916.0 0.0000
917.0 0.0000
918.0 0.0000
919.0 0.0000
920.0 0.0000
921.0 0.0000
922.0 0.0000
923.0 0.0000
924.0 0.0000
925.0 0.0000
926.0 0.0000
927.0 0.0000
928.0 0.0000
929.0 0.0000
930.0 0.0000
931.0 0.0000
932.0 0.0000
933.0 0.0000
934.0 0.0000
935.0 0.0000
936.0 0.0000
937.0 0.0000
938.0 0.0000
939.0 0.0000
940.0 0.0000
941.0 0.0000
942.0 0.0000
943.0 0.0000
944.0 0.0000
945.0 0.0000
946.0 0.0000
947.0 0.0000
948.0 0.0000
949.0 0.0000
950.0 0.0000
951.0 0.0000
952.0 0.0000
953.0 0.0000
954.0 0.0000
955.0 0.0000
956.0 0.0000
957.0 0.0000
958.0 0.0000
959.0 0.0000
960.0 0.0000
961.0 0.0000
962.0 0.0000
963.0 0.0000
964.0 0.0000
965.0 0.0000
966.0 0.0000
967.0 0.0000
968.0 0.0000
969.0 0.0000
970.0 0.0000
971.0 0.0000
972.0 0.0000
973.0 0.0000
974.0 0.0000
975.0 0.0000
976.0 0.0000
977.0 0.0000
978.0 0.0000
979.0 0.0000
980.0 0.0000
981.0 0.0000
982.0 0.0000
983.0 0.0000
984.0 0.0000
985.0 0.0000
986.0 0.0000
987.0 0.0000
988.0 0.0000
989.0 0.0000
990.0 0.0000
991.0 0.0000
992.0 0.0000
993.0 0.0000
994.0 0.0000
995.0 0.0000
996.0 0.0000
997.0 0.0000
998.0 0.0000
999.0 0.0000
1000.0 0.0000
1001.0 0.0000
1002.0 0.0000
1003.0 0.0000
1004.0 0.0000
1005.0 0.0000
1006.0 0.0000
1007.0 0.0000
1008.0 0.0000
1009.0 0.0000
1010.0 0.0000
1011.0 0.0000
1012.0 0.0000
1013.0 0.0000
1014.0 0.0000
1015.0 0.0000
1016.0 0.0000
1017.0 0.0000
1018.0 0.0000
1019.0 0.0000
1020.0 0.0000
1021.0 0.0000
1022.0 0.0000
1023.0 0.0000
1024.0 0.0000
1025.0 0.0000
1026.0 0.0000
1027.0 0.0000
1028.0 0.0000
1029.0 0.0000
1030.0 0.0000
1031.0 0.0000
1032.0 0.0000
1033.0 0.0000
1034.0 0.0000
1035.0 0.0000
1036.0 0.0000
1037.0 0.0000
1038.0 0.0000
1039.0 0.0000
1040.0 0.0000
1041.0 0.0000
1042.0 0.0000
1043.0 0.0000
1044.0 0.0000
1045.0 0.0000
1046.0 0.0000
1047.0 0.0000
1048.0 0.0000
1049.0 0.0000
1050.0 0.0000
1051.0 0.0000
1052.0 0.0000
1053.0 0.0000
1054.0 0.0000
1055.0 0.0000
1056.0 0.0000
1057.0 0.0000
1058.0 0.0000
1059.0 0.0000
1060.0 0.0000
1061.0 0.0000
1062.0 0.0000
1063.0 0.0000
1064.0 0.0000
1065.0 0.0000
1066.0 0.0000
1067.0 0.0000
1068.0 0.0000
1069.0 0.0000
1070.0 0.0000
1071.0 0.0000
1072.0 0.0000
1073.0 0.0000
1074.0 0.0000
1075.0 0.0000
1076.0 0.0000
1077.0 0.0000
1078.0 0.0000
1079.0 0.0000
1080.0 0.0000
1081.0 0.0000
1082.0 0.0000
1083.0 0.0000
1084.0 0.0000
1085.0 0.0000
1086.0 0.0000
1087.0 0.0000
1088.0 0.0000
1089.0 0.0000
1090.0 0.0000
1091.0 0.0000
1092.0 0.0000
1093.0 0.0000
1094.0 0.0000
1095.0 0.0000
1096.0 0.0000
1097.0 0.0000
1098.0 0.0000
1099.0 0.0000
1100.0 0.0000
1101.0 0.0000
1102.0 0.0000
1103.0 0.0000
1104.0 0.0000
1105.0 0.0000
1106.0 0.0000
1107.0 0.0000
1108.0 0.0001
1109.0 0.0001
1110.0 0.0001
1111.0 0.0001
1112.0 0.0001
1113.0 0.0001
1114.0 0.0001
1115.0 0.0001
1116.0 0.0002
1117.0 0.0002
1118.0 0.0002
1119.0 0.0002
1120.0 0.0003
1121.0 0.0003
1122.0 0.0003
1123.0 0.0004
1124.0 0.0005
1125.0 0.0005
1126.0 0.0006
1127.0 0.0007
1128.0 0.0007
1129.0 0.0008
1130.0 0.0009
1131.0 0.0010
1132.0 0.0010
1133.0 0.0010
1134.0 0.0011
1135.0 0.0011
1136.0 0.0011
1137.0 0.0012
1138.0 0.0012
1139.0 0.0012
1140.0 0.0012
1141.0 0.0012
1142.0 0.0011
1143.0 0.0011
1144.0 0.0011
1145.0 0.0010
1146.0 0.0010
1147.0 0.0010
1148.0 0.0009
1149.0 0.0008
1150.0 0.0008
1151.0 0.0007
1152.0 0.0006
1153.0 0.0006
1154.0 0.0005
1155.0 0.0005
1156.0 0.0005
1157.0 0.0004
1158.0 0.0004
1159.0 0.0004
1160.0 0.0004
1161.0 0.0004
1162.0 0.0004
1163.0 0.0004
1164.0 0.0004
1165.0 0.0004
1166.0 0.0005
1167.0 0.0005
1168.0 0.0005
1169.0 0.0006
1170.0 0.0006
1171.0 0.0007
1172.0 0.0008
1173.0 0.0008
1174.0 0.0009
1175.0 0.0010
1176.0 0.0011
1177.0 0.0012
1178.0 0.0012
1179.0 0.0013
1180.0 0.0014
1181.0 0.0014
1182.0 0.0015
1183.0 0.0015
1184.0 0.0016
1185.0 0.0016
1186.0 0.0017
1187.0 0.0017
1188.0 0.0017
1189.0 0.0017
1190.0 0.0016
1191.0 0.0016
1192.0 0.0016
1193.0 0.0015
1194.0 0.0015
1195.0 0.0014
1196.0 0.0013
1197.0 0.0012
1198.0 0.0011
1199.0 0.0010
1200.0 0.0009
