# Data from LCA-18, V24
# File name: LCA-18_Throughput_Budget_2016-07-29.xlsx
# tab: Performance summary, col: V

300.0 0.9966
301.0 0.9966
302.0 0.9965
303.0 0.9965
304.0 0.9965
305.0 0.9964
306.0 0.9965
307.0 0.9966
308.0 0.9966
309.0 0.9967
310.0 0.9968
311.0 0.9969
312.0 0.9969
313.0 0.9970
314.0 0.9971
315.0 0.9971
316.0 0.9971
317.0 0.9971
318.0 0.9970
319.0 0.9970
320.0 0.9970
321.0 0.9970
322.0 0.9970
323.0 0.9971
324.0 0.9971
325.0 0.9971
326.0 0.9971
327.0 0.9971
328.0 0.9971
329.0 0.9971
330.0 0.9971
331.0 0.9972
332.0 0.9972
333.0 0.9972
334.0 0.9973
335.0 0.9973
336.0 0.9975
337.0 0.9977
338.0 0.9979
339.0 0.9980
340.0 0.9982
341.0 0.9984
342.0 0.9985
343.0 0.9986
344.0 0.9988
345.0 0.9989
346.0 0.9990
347.0 0.9991
348.0 0.9991
349.0 0.9992
350.0 0.9993
351.0 0.9992
352.0 0.9992
353.0 0.9992
354.0 0.9991
355.0 0.9991
356.0 0.9991
357.0 0.9991
358.0 0.9991
359.0 0.9991
360.0 0.9991
361.0 0.9991
362.0 0.9992
363.0 0.9992
364.0 0.9992
365.0 0.9993
366.0 0.9993
367.0 0.9994
368.0 0.9994
369.0 0.9994
370.0 0.9995
371.0 0.9994
372.0 0.9994
373.0 0.9994
374.0 0.9993
375.0 0.9993
376.0 0.9993
377.0 0.9994
378.0 0.9994
379.0 0.9994
380.0 0.9995
381.0 0.9995
382.0 0.9995
383.0 0.9996
384.0 0.9996
385.0 0.9996
386.0 0.9996
387.0 0.9996
388.0 0.9996
389.0 0.9996
390.0 0.9996
391.0 0.9997
392.0 0.9997
393.0 0.9997
394.0 0.9998
395.0 0.9998
396.0 0.9999
397.0 1.0000
398.0 1.0000
399.0 1.0000
400.0 1.0000
401.0 1.0000
402.0 1.0000
403.0 1.0000
404.0 1.0000
405.0 1.0000
406.0 1.0000
407.0 1.0000
408.0 1.0000
409.0 1.0000
410.0 1.0000
411.0 1.0000
412.0 1.0000
413.0 1.0000
414.0 1.0000
415.0 1.0000
416.0 1.0000
417.0 1.0000
418.0 1.0000
419.0 1.0000
420.0 1.0000
421.0 1.0000
422.0 1.0000
423.0 1.0000
424.0 1.0000
425.0 1.0000
426.0 1.0000
427.0 1.0000
428.0 1.0000
429.0 1.0000
430.0 1.0000
431.0 1.0000
432.0 1.0000
433.0 1.0000
434.0 1.0000
435.0 1.0000
436.0 1.0000
437.0 0.9999
438.0 0.9999
439.0 0.9999
440.0 0.9998
441.0 0.9998
442.0 0.9998
443.0 0.9998
444.0 0.9998
445.0 0.9998
446.0 0.9998
447.0 0.9998
448.0 0.9998
449.0 0.9998
450.0 0.9998
451.0 0.9998
452.0 0.9997
453.0 0.9997
454.0 0.9997
455.0 0.9996
456.0 0.9996
457.0 0.9996
458.0 0.9996
459.0 0.9996
460.0 0.9996
461.0 0.9996
462.0 0.9996
463.0 0.9995
464.0 0.9995
465.0 0.9995
466.0 0.9995
467.0 0.9995
468.0 0.9995
469.0 0.9995
470.0 0.9995
471.0 0.9995
472.0 0.9995
473.0 0.9995
474.0 0.9995
475.0 0.9995
476.0 0.9995
477.0 0.9995
478.0 0.9995
479.0 0.9995
480.0 0.9995
481.0 0.9995
482.0 0.9995
483.0 0.9995
484.0 0.9995
485.0 0.9995
486.0 0.9994
487.0 0.9994
488.0 0.9994
489.0 0.9993
490.0 0.9993
491.0 0.9993
492.0 0.9993
493.0 0.9993
494.0 0.9993
495.0 0.9993
496.0 0.9993
497.0 0.9993
498.0 0.9993
499.0 0.9993
500.0 0.9993
501.0 0.9993
502.0 0.9993
503.0 0.9993
504.0 0.9993
505.0 0.9993
506.0 0.9992
507.0 0.9992
508.0 0.9992
509.0 0.9991
510.0 0.9991
511.0 0.9991
512.0 0.9991
513.0 0.9991
514.0 0.9991
515.0 0.9991
516.0 0.9991
517.0 0.9991
518.0 0.9991
519.0 0.9991
520.0 0.9991
521.0 0.9991
522.0 0.9991
523.0 0.9991
524.0 0.9991
525.0 0.9991
526.0 0.9991
527.0 0.9991
528.0 0.9991
529.0 0.9991
530.0 0.9991
531.0 0.9991
532.0 0.9991
533.0 0.9991
534.0 0.9991
535.0 0.9991
536.0 0.9991
537.0 0.9991
538.0 0.9991
539.0 0.9991
540.0 0.9991
541.0 0.9991
542.0 0.9990
543.0 0.9990
544.0 0.9990
545.0 0.9989
546.0 0.9989
547.0 0.9989
548.0 0.9989
549.0 0.9989
550.0 0.9989
551.0 0.9989
552.0 0.9989
553.0 0.9989
554.0 0.9989
555.0 0.9989
556.0 0.9989
557.0 0.9989
558.0 0.9989
559.0 0.9989
560.0 0.9989
561.0 0.9989
562.0 0.9989
563.0 0.9989
564.0 0.9989
565.0 0.9989
566.0 0.9989
567.0 0.9989
568.0 0.9989
569.0 0.9989
570.0 0.9989
571.0 0.9989
572.0 0.9989
573.0 0.9989
574.0 0.9989
575.0 0.9989
576.0 0.9989
577.0 0.9989
578.0 0.9989
579.0 0.9989
580.0 0.9989
581.0 0.9989
582.0 0.9989
583.0 0.9989
584.0 0.9989
585.0 0.9989
586.0 0.9990
587.0 0.9990
588.0 0.9990
589.0 0.9991
590.0 0.9991
591.0 0.9991
592.0 0.9990
593.0 0.9990
594.0 0.9990
595.0 0.9989
596.0 0.9990
597.0 0.9990
598.0 0.9990
599.0 0.9991
600.0 0.9991
601.0 0.9991
602.0 0.9990
603.0 0.9990
604.0 0.9990
605.0 0.9989
606.0 0.9989
607.0 0.9989
608.0 0.9989
609.0 0.9989
610.0 0.9989
611.0 0.9989
612.0 0.9989
613.0 0.9989
614.0 0.9989
615.0 0.9989
616.0 0.9989
617.0 0.9989
618.0 0.9989
619.0 0.9989
620.0 0.9989
621.0 0.9989
622.0 0.9989
623.0 0.9989
624.0 0.9989
625.0 0.9989
626.0 0.9990
627.0 0.9990
628.0 0.9990
629.0 0.9991
630.0 0.9991
631.0 0.9991
632.0 0.9990
633.0 0.9990
634.0 0.9990
635.0 0.9989
636.0 0.9989
637.0 0.9989
638.0 0.9989
639.0 0.9989
640.0 0.9989
641.0 0.9989
642.0 0.9989
643.0 0.9989
644.0 0.9989
645.0 0.9989
646.0 0.9989
647.0 0.9989
648.0 0.9989
649.0 0.9989
650.0 0.9989
651.0 0.9989
652.0 0.9989
653.0 0.9988
654.0 0.9988
655.0 0.9987
656.0 0.9987
657.0 0.9987
658.0 0.9987
659.0 0.9987
660.0 0.9987
661.0 0.9987
662.0 0.9987
663.0 0.9987
664.0 0.9987
665.0 0.9987
666.0 0.9987
667.0 0.9987
668.0 0.9986
669.0 0.9986
670.0 0.9986
671.0 0.9986
672.0 0.9986
673.0 0.9986
674.0 0.9986
675.0 0.9986
676.0 0.9986
677.0 0.9986
678.0 0.9986
679.0 0.9986
680.0 0.9986
681.0 0.9986
682.0 0.9986
683.0 0.9986
684.0 0.9986
685.0 0.9986
686.0 0.9985
687.0 0.9985
688.0 0.9985
689.0 0.9984
690.0 0.9984
691.0 0.9984
692.0 0.9984
693.0 0.9984
694.0 0.9984
695.0 0.9984
696.0 0.9984
697.0 0.9984
698.0 0.9984
699.0 0.9984
700.0 0.9984
701.0 0.9984
702.0 0.9984
703.0 0.9984
704.0 0.9984
705.0 0.9984
706.0 0.9984
707.0 0.9984
708.0 0.9984
709.0 0.9984
710.0 0.9984
711.0 0.9984
712.0 0.9984
713.0 0.9984
714.0 0.9984
715.0 0.9984
716.0 0.9984
717.0 0.9983
718.0 0.9983
719.0 0.9982
720.0 0.9982
721.0 0.9982
722.0 0.9981
723.0 0.9981
724.0 0.9981
725.0 0.9980
726.0 0.9980
727.0 0.9980
728.0 0.9980
729.0 0.9980
730.0 0.9980
731.0 0.9981
732.0 0.9981
733.0 0.9981
734.0 0.9982
735.0 0.9982
736.0 0.9982
737.0 0.9982
738.0 0.9982
739.0 0.9982
740.0 0.9982
741.0 0.9982
742.0 0.9982
743.0 0.9982
744.0 0.9982
745.0 0.9982
746.0 0.9982
747.0 0.9982
748.0 0.9982
749.0 0.9982
750.0 0.9982
751.0 0.9982
752.0 0.9982
753.0 0.9982
754.0 0.9982
755.0 0.9982
756.0 0.9982
757.0 0.9983
758.0 0.9983
759.0 0.9984
760.0 0.9984
761.0 0.9984
762.0 0.9984
763.0 0.9984
764.0 0.9984
765.0 0.9984
766.0 0.9984
767.0 0.9984
768.0 0.9984
769.0 0.9984
770.0 0.9984
771.0 0.9984
772.0 0.9985
773.0 0.9985
774.0 0.9985
775.0 0.9986
776.0 0.9986
777.0 0.9986
778.0 0.9986
779.0 0.9986
780.0 0.9986
781.0 0.9986
782.0 0.9986
783.0 0.9986
784.0 0.9986
785.0 0.9986
786.0 0.9986
787.0 0.9986
788.0 0.9986
789.0 0.9986
790.0 0.9986
791.0 0.9986
792.0 0.9986
793.0 0.9986
794.0 0.9986
795.0 0.9986
796.0 0.9986
797.0 0.9986
798.0 0.9986
799.0 0.9986
800.0 0.9986
801.0 0.9986
802.0 0.9986
803.0 0.9986
804.0 0.9986
805.0 0.9986
806.0 0.9986
807.0 0.9986
808.0 0.9986
809.0 0.9986
810.0 0.9986
811.0 0.9986
812.0 0.9986
813.0 0.9986
814.0 0.9986
815.0 0.9986
816.0 0.9986
817.0 0.9986
818.0 0.9986
819.0 0.9986
820.0 0.9986
821.0 0.9986
822.0 0.9986
823.0 0.9986
824.0 0.9986
825.0 0.9986
826.0 0.9986
827.0 0.9986
828.0 0.9986
829.0 0.9986
830.0 0.9986
831.0 0.9986
832.0 0.9986
833.0 0.9986
834.0 0.9986
835.0 0.9986
836.0 0.9985
837.0 0.9985
838.0 0.9985
839.0 0.9984
840.0 0.9984
841.0 0.9984
842.0 0.9983
843.0 0.9983
844.0 0.9982
845.0 0.9982
846.0 0.9982
847.0 0.9983
848.0 0.9983
849.0 0.9984
850.0 0.9984
851.0 0.9984
852.0 0.9983
853.0 0.9983
854.0 0.9982
855.0 0.9982
856.0 0.9982
857.0 0.9983
858.0 0.9983
859.0 0.9984
860.0 0.9984
861.0 0.9984
862.0 0.9983
863.0 0.9983
864.0 0.9982
865.0 0.9982
866.0 0.9982
867.0 0.9983
868.0 0.9983
869.0 0.9984
870.0 0.9984
871.0 0.9983
872.0 0.9982
873.0 0.9981
874.0 0.9980
875.0 0.9979
876.0 0.9979
877.0 0.9979
878.0 0.9979
879.0 0.9979
880.0 0.9979
881.0 0.9979
882.0 0.9980
883.0 0.9981
884.0 0.9981
885.0 0.9982
886.0 0.9983
887.0 0.9984
888.0 0.9985
889.0 0.9986
890.0 0.9987
891.0 0.9986
892.0 0.9985
893.0 0.9983
894.0 0.9982
895.0 0.9980
896.0 0.9982
897.0 0.9984
898.0 0.9986
899.0 0.9987
900.0 0.9989
901.0 0.9988
902.0 0.9987
903.0 0.9986
904.0 0.9985
905.0 0.9984
906.0 0.9984
907.0 0.9983
908.0 0.9983
909.0 0.9982
910.0 0.9982
911.0 0.9982
912.0 0.9982
913.0 0.9982
914.0 0.9982
915.0 0.9982
916.0 0.9982
917.0 0.9981
918.0 0.9981
919.0 0.9981
920.0 0.9980
921.0 0.9980
922.0 0.9979
923.0 0.9978
924.0 0.9977
925.0 0.9977
926.0 0.9975
927.0 0.9972
928.0 0.9970
929.0 0.9968
930.0 0.9966
931.0 0.9962
932.0 0.9958
933.0 0.9954
934.0 0.9950
935.0 0.9946
936.0 0.9944
937.0 0.9941
938.0 0.9938
939.0 0.9935
940.0 0.9932
941.0 0.9933
942.0 0.9934
943.0 0.9934
944.0 0.9935
945.0 0.9936
946.0 0.9938
947.0 0.9941
948.0 0.9943
949.0 0.9946
950.0 0.9948
951.0 0.9950
952.0 0.9952
953.0 0.9955
954.0 0.9957
955.0 0.9959
956.0 0.9960
957.0 0.9962
958.0 0.9963
959.0 0.9965
960.0 0.9966
961.0 0.9967
962.0 0.9968
963.0 0.9969
964.0 0.9970
965.0 0.9971
966.0 0.9972
967.0 0.9973
968.0 0.9974
969.0 0.9974
970.0 0.9975
971.0 0.9975
972.0 0.9976
973.0 0.9976
974.0 0.9976
975.0 0.9977
976.0 0.9977
977.0 0.9977
978.0 0.9978
979.0 0.9978
980.0 0.9979
981.0 0.9979
982.0 0.9979
983.0 0.9980
984.0 0.9980
985.0 0.9980
986.0 0.9980
987.0 0.9980
988.0 0.9979
989.0 0.9979
990.0 0.9979
991.0 0.9979
992.0 0.9979
993.0 0.9979
994.0 0.9979
995.0 0.9979
996.0 0.9979
997.0 0.9979
998.0 0.9980
999.0 0.9980
1000.0 0.9980
1001.0 0.9980
1002.0 0.9980
1003.0 0.9980
1004.0 0.9980
1005.0 0.9980
1006.0 0.9980
1007.0 0.9980
1008.0 0.9979
1009.0 0.9979
1010.0 0.9979
1011.0 0.9979
1012.0 0.9979
1013.0 0.9980
1014.0 0.9980
1015.0 0.9980
1016.0 0.9980
1017.0 0.9980
1018.0 0.9980
1019.0 0.9980
1020.0 0.9980
1021.0 0.9980
1022.0 0.9980
1023.0 0.9980
1024.0 0.9980
1025.0 0.9980
1026.0 0.9980
1027.0 0.9980
1028.0 0.9979
1029.0 0.9979
1030.0 0.9979
1031.0 0.9979
1032.0 0.9979
1033.0 0.9980
1034.0 0.9980
1035.0 0.9980
1036.0 0.9980
1037.0 0.9980
1038.0 0.9980
1039.0 0.9980
1040.0 0.9980
1041.0 0.9980
1042.0 0.9980
1043.0 0.9980
1044.0 0.9980
1045.0 0.9980
1046.0 0.9980
1047.0 0.9980
1048.0 0.9979
1049.0 0.9979
1050.0 0.9979
1051.0 0.9979
1052.0 0.9979
1053.0 0.9979
1054.0 0.9979
1055.0 0.9979
1056.0 0.9979
1057.0 0.9979
1058.0 0.9979
1059.0 0.9979
1060.0 0.9979
1061.0 0.9979
1062.0 0.9979
1063.0 0.9979
1064.0 0.9979
1065.0 0.9979
1066.0 0.9979
1067.0 0.9979
1068.0 0.9979
1069.0 0.9979
1070.0 0.9979
1071.0 0.9979
1072.0 0.9979
1073.0 0.9979
1074.0 0.9979
1075.0 0.9979
1076.0 0.9979
1077.0 0.9979
1078.0 0.9979
1079.0 0.9979
1080.0 0.9979
1081.0 0.9978
1082.0 0.9978
1083.0 0.9977
1084.0 0.9977
1085.0 0.9977
1086.0 0.9977
1087.0 0.9977
1088.0 0.9977
1089.0 0.9977
1090.0 0.9977
1091.0 0.9977
1092.0 0.9977
1093.0 0.9977
1094.0 0.9977
1095.0 0.9977
1096.0 0.9977
1097.0 0.9977
1098.0 0.9977
1099.0 0.9977
1100.0 0.9977
1101.0 0.9977
1102.0 0.9977
1103.0 0.9977
1104.0 0.9977
1105.0 0.9977
1106.0 0.9976
1107.0 0.9976
1108.0 0.9976
1109.0 0.9975
1110.0 0.9975
1111.0 0.9975
1112.0 0.9976
1113.0 0.9976
1114.0 0.9976
1115.0 0.9977
1116.0 0.9977
1117.0 0.9977
1118.0 0.9977
1119.0 0.9977
1120.0 0.9977
1121.0 0.9976
1122.0 0.9976
1123.0 0.9976
1124.0 0.9975
1125.0 0.9975
1126.0 0.9975
1127.0 0.9974
1128.0 0.9974
1129.0 0.9974
1130.0 0.9973
1131.0 0.9973
1132.0 0.9973
1133.0 0.9973
1134.0 0.9973
1135.0 0.9973
1136.0 0.9973
1137.0 0.9973
1138.0 0.9973
1139.0 0.9973
1140.0 0.9973
1141.0 0.9973
1142.0 0.9973
1143.0 0.9973
1144.0 0.9973
1145.0 0.9973
1146.0 0.9973
1147.0 0.9973
1148.0 0.9973
1149.0 0.9973
1150.0 0.9973
1151.0 0.9973
1152.0 0.9973
1153.0 0.9973
1154.0 0.9973
1155.0 0.9973
1156.0 0.9973
1157.0 0.9973
1158.0 0.9973
1159.0 0.9973
1160.0 0.9973
1161.0 0.9973
1162.0 0.9972
1163.0 0.9972
1164.0 0.9972
1165.0 0.9971
1166.0 0.9972
1167.0 0.9972
1168.0 0.9972
1169.0 0.9973
1170.0 0.9973
1171.0 0.9973
1172.0 0.9972
1173.0 0.9972
1174.0 0.9972
1175.0 0.9971
1176.0 0.9971
1177.0 0.9971
1178.0 0.9970
1179.0 0.9970
1180.0 0.9970
1181.0 0.9970
1182.0 0.9970
1183.0 0.9970
1184.0 0.9970
1185.0 0.9970
1186.0 0.9970
1187.0 0.9970
1188.0 0.9970
1189.0 0.9970
1190.0 0.9970
1191.0 0.9969
1192.0 0.9969
1193.0 0.9969
1194.0 0.9968
1195.0 0.9968
1196.0 0.9967
1197.0 0.9967
1198.0 0.9967
1199.0 0.9966
1200.0 0.9966
