# Data from LCA-18, V24
# File name: LCA-18_Throughput_Budget_2016-07-29.xlsx
# tab: Performance summary, col: Z

300.0 0.0000
301.0 0.0000
302.0 0.0000
303.0 0.0000
304.0 0.0001
305.0 0.0022
306.0 0.0069
307.0 0.0047
308.0 0.0068
309.0 0.0109
310.0 0.0223
311.0 0.0373
312.0 0.0745
313.0 0.1128
314.0 0.1299
315.0 0.2031
316.0 0.2570
317.0 0.3097
318.0 0.3877
319.0 0.4223
320.0 0.4544
321.0 0.4591
322.0 0.4184
323.0 0.3538
324.0 0.3000
325.0 0.2560
326.0 0.2464
327.0 0.2969
328.0 0.3766
329.0 0.5056
330.0 0.6338
331.0 0.7411
332.0 0.8025
333.0 0.8612
334.0 0.9121
335.0 0.9235
336.0 0.9361
337.0 0.9362
338.0 0.9340
339.0 0.9306
340.0 0.9353
341.0 0.9364
342.0 0.9403
343.0 0.9418
344.0 0.9406
345.0 0.9407
346.0 0.9383
347.0 0.9402
348.0 0.9409
349.0 0.9422
350.0 0.9478
351.0 0.9508
352.0 0.9522
353.0 0.9511
354.0 0.9495
355.0 0.9472
356.0 0.9503
357.0 0.9503
358.0 0.9503
359.0 0.9476
360.0 0.9471
361.0 0.9492
362.0 0.9513
363.0 0.9514
364.0 0.9503
365.0 0.9494
366.0 0.9445
367.0 0.9455
368.0 0.9447
369.0 0.9508
370.0 0.9508
371.0 0.9563
372.0 0.9563
373.0 0.9601
374.0 0.9577
375.0 0.9588
376.0 0.9539
377.0 0.9555
378.0 0.9539
379.0 0.9553
380.0 0.9457
381.0 0.9254
382.0 0.8799
383.0 0.8115
384.0 0.7821
385.0 0.7633
386.0 0.7026
387.0 0.6517
388.0 0.6341
389.0 0.6670
390.0 0.6288
391.0 0.5764
392.0 0.5570
393.0 0.5065
394.0 0.5118
395.0 0.4227
396.0 0.4172
397.0 0.4064
398.0 0.3586
399.0 0.2993
400.0 0.1929
401.0 0.0872
402.0 0.0306
403.0 0.0081
404.0 0.0036
405.0 0.0008
406.0 0.0004
407.0 0.0002
408.0 0.0002
409.0 0.0001
410.0 0.0000
411.0 0.0000
412.0 0.0000
413.0 0.0000
414.0 0.0000
415.0 0.0000
416.0 0.0000
417.0 0.0000
418.0 0.0000
419.0 0.0000
420.0 0.0000
421.0 0.0000
422.0 0.0000
423.0 0.0000
424.0 0.0000
425.0 0.0000
426.0 0.0000
427.0 0.0000
428.0 0.0000
429.0 0.0000
430.0 0.0000
431.0 0.0000
432.0 0.0000
433.0 0.0000
434.0 0.0000
435.0 0.0000
436.0 0.0000
437.0 0.0000
438.0 0.0000
439.0 0.0000
440.0 0.0000
441.0 0.0000
442.0 0.0000
443.0 0.0000
444.0 0.0000
445.0 0.0000
446.0 0.0000
447.0 0.0000
448.0 0.0000
449.0 0.0000
450.0 0.0000
451.0 0.0000
452.0 0.0000
453.0 0.0000
454.0 0.0000
455.0 0.0000
456.0 0.0000
457.0 0.0000
458.0 0.0000
459.0 0.0000
460.0 0.0000
461.0 0.0000
462.0 0.0000
463.0 0.0000
464.0 0.0000
465.0 0.0000
466.0 0.0000
467.0 0.0000
468.0 0.0000
469.0 0.0000
470.0 0.0000
471.0 0.0000
472.0 0.0000
473.0 0.0000
474.0 0.0000
475.0 0.0000
476.0 0.0000
477.0 0.0000
478.0 0.0000
479.0 0.0000
480.0 0.0000
481.0 0.0000
482.0 0.0000
483.0 0.0000
484.0 0.0000
485.0 0.0000
486.0 0.0000
487.0 0.0000
488.0 0.0000
489.0 0.0000
490.0 0.0000
491.0 0.0000
492.0 0.0000
493.0 0.0000
494.0 0.0000
495.0 0.0000
496.0 0.0000
497.0 0.0000
498.0 0.0000
499.0 0.0000
500.0 0.0000
501.0 0.0000
502.0 0.0000
503.0 0.0000
504.0 0.0000
505.0 0.0000
506.0 0.0000
507.0 0.0000
508.0 0.0000
509.0 0.0000
510.0 0.0000
511.0 0.0000
512.0 0.0000
513.0 0.0000
514.0 0.0000
515.0 0.0000
516.0 0.0000
517.0 0.0000
518.0 0.0000
519.0 0.0000
520.0 0.0000
521.0 0.0000
522.0 0.0000
523.0 0.0000
524.0 0.0000
525.0 0.0000
526.0 0.0000
527.0 0.0000
528.0 0.0000
529.0 0.0000
530.0 0.0000
531.0 0.0000
532.0 0.0000
533.0 0.0000
534.0 0.0000
535.0 0.0000
536.0 0.0000
537.0 0.0000
538.0 0.0000
539.0 0.0000
540.0 0.0000
541.0 0.0000
542.0 0.0000
543.0 0.0000
544.0 0.0000
545.0 0.0000
546.0 0.0000
547.0 0.0000
548.0 0.0000
549.0 0.0000
550.0 0.0000
551.0 0.0000
552.0 0.0000
553.0 0.0000
554.0 0.0000
555.0 0.0000
556.0 0.0000
557.0 0.0000
558.0 0.0000
559.0 0.0000
560.0 0.0000
561.0 0.0000
562.0 0.0000
563.0 0.0000
564.0 0.0000
565.0 0.0000
566.0 0.0000
567.0 0.0000
568.0 0.0000
569.0 0.0000
570.0 0.0000
571.0 0.0000
572.0 0.0000
573.0 0.0000
574.0 0.0000
575.0 0.0000
576.0 0.0000
577.0 0.0000
578.0 0.0000
579.0 0.0000
580.0 0.0000
581.0 0.0000
582.0 0.0000
583.0 0.0000
584.0 0.0000
585.0 0.0000
586.0 0.0000
587.0 0.0000
588.0 0.0000
589.0 0.0000
590.0 0.0000
591.0 0.0000
592.0 0.0000
593.0 0.0000
594.0 0.0001
595.0 0.0001
596.0 0.0001
597.0 0.0001
598.0 0.0001
599.0 0.0001
600.0 0.0001
601.0 0.0001
602.0 0.0001
603.0 0.0001
604.0 0.0001
605.0 0.0001
606.0 0.0001
607.0 0.0001
608.0 0.0001
609.0 0.0001
610.0 0.0001
611.0 0.0001
612.0 0.0000
613.0 0.0000
614.0 0.0000
615.0 0.0000
616.0 0.0000
617.0 0.0000
618.0 0.0000
619.0 0.0000
620.0 0.0000
621.0 0.0000
622.0 0.0000
623.0 0.0000
624.0 0.0000
625.0 0.0000
626.0 0.0000
627.0 0.0000
628.0 0.0000
629.0 0.0000
630.0 0.0000
631.0 0.0000
632.0 0.0000
633.0 0.0000
634.0 0.0000
635.0 0.0000
636.0 0.0000
637.0 0.0000
638.0 0.0000
639.0 0.0000
640.0 0.0000
641.0 0.0000
642.0 0.0000
643.0 0.0000
644.0 0.0000
645.0 0.0000
646.0 0.0000
647.0 0.0000
648.0 0.0000
649.0 0.0000
650.0 0.0000
651.0 0.0000
652.0 0.0000
653.0 0.0000
654.0 0.0000
655.0 0.0000
656.0 0.0000
657.0 0.0000
658.0 0.0000
659.0 0.0000
660.0 0.0000
661.0 0.0000
662.0 0.0000
663.0 0.0000
664.0 0.0000
665.0 0.0000
666.0 0.0000
667.0 0.0000
668.0 0.0000
669.0 0.0000
670.0 0.0000
671.0 0.0000
672.0 0.0000
673.0 0.0000
674.0 0.0000
675.0 0.0000
676.0 0.0000
677.0 0.0000
678.0 0.0000
679.0 0.0000
680.0 0.0000
681.0 0.0000
682.0 0.0000
683.0 0.0000
684.0 0.0000
685.0 0.0000
686.0 0.0000
687.0 0.0000
688.0 0.0000
689.0 0.0000
690.0 0.0000
691.0 0.0000
692.0 0.0000
693.0 0.0000
694.0 0.0000
695.0 0.0000
696.0 0.0000
697.0 0.0000
698.0 0.0000
699.0 0.0000
700.0 0.0000
701.0 0.0000
702.0 0.0000
703.0 0.0000
704.0 0.0000
705.0 0.0000
706.0 0.0000
707.0 0.0000
708.0 0.0000
709.0 0.0000
710.0 0.0000
711.0 0.0000
712.0 0.0000
713.0 0.0000
714.0 0.0000
715.0 0.0000
716.0 0.0000
717.0 0.0000
718.0 0.0001
719.0 0.0000
720.0 0.0000
721.0 0.0000
722.0 0.0000
723.0 0.0000
724.0 0.0000
725.0 0.0000
726.0 0.0000
727.0 0.0000
728.0 0.0000
729.0 0.0000
730.0 0.0000
731.0 0.0000
732.0 0.0000
733.0 0.0000
734.0 0.0000
735.0 0.0000
736.0 0.0000
737.0 0.0000
738.0 0.0000
739.0 0.0000
740.0 0.0000
741.0 0.0000
742.0 0.0000
743.0 0.0000
744.0 0.0000
745.0 0.0000
746.0 0.0000
747.0 0.0000
748.0 0.0000
749.0 0.0000
750.0 0.0000
751.0 0.0000
752.0 0.0000
753.0 0.0000
754.0 0.0000
755.0 0.0000
756.0 0.0000
757.0 0.0000
758.0 0.0000
759.0 0.0000
760.0 0.0000
761.0 0.0000
762.0 0.0000
763.0 0.0000
764.0 0.0000
765.0 0.0000
766.0 0.0000
767.0 0.0000
768.0 0.0000
769.0 0.0000
770.0 0.0000
771.0 0.0000
772.0 0.0000
773.0 0.0000
774.0 0.0000
775.0 0.0000
776.0 0.0000
777.0 0.0000
778.0 0.0000
779.0 0.0000
780.0 0.0000
781.0 0.0000
782.0 0.0000
783.0 0.0000
784.0 0.0000
785.0 0.0000
786.0 0.0000
787.0 0.0000
788.0 0.0000
789.0 0.0000
790.0 0.0000
791.0 0.0000
792.0 0.0000
793.0 0.0000
794.0 0.0000
795.0 0.0000
796.0 0.0000
797.0 0.0000
798.0 0.0000
799.0 0.0000
800.0 0.0000
801.0 0.0000
802.0 0.0000
803.0 0.0000
804.0 0.0000
805.0 0.0000
806.0 0.0000
807.0 0.0000
808.0 0.0000
809.0 0.0000
810.0 0.0000
811.0 0.0000
812.0 0.0000
813.0 0.0000
814.0 0.0000
815.0 0.0000
816.0 0.0000
817.0 0.0000
818.0 0.0000
819.0 0.0000
820.0 0.0000
821.0 0.0000
822.0 0.0000
823.0 0.0000
824.0 0.0000
825.0 0.0000
826.0 0.0000
827.0 0.0000
828.0 0.0000
829.0 0.0000
830.0 0.0000
831.0 0.0000
832.0 0.0000
833.0 0.0000
834.0 0.0000
835.0 0.0000
836.0 0.0000
837.0 0.0000
838.0 0.0000
839.0 0.0000
840.0 0.0000
841.0 0.0000
842.0 0.0000
843.0 0.0000
844.0 0.0000
845.0 0.0000
846.0 0.0000
847.0 0.0000
848.0 0.0000
849.0 0.0000
850.0 0.0000
851.0 0.0000
852.0 0.0000
853.0 0.0000
854.0 0.0000
855.0 0.0000
856.0 0.0000
857.0 0.0000
858.0 0.0000
859.0 0.0000
860.0 0.0000
861.0 0.0000
862.0 0.0000
863.0 0.0000
864.0 0.0000
865.0 0.0000
866.0 0.0000
867.0 0.0000
868.0 0.0000
869.0 0.0000
870.0 0.0000
871.0 0.0000
872.0 0.0000
873.0 0.0000
874.0 0.0000
875.0 0.0000
876.0 0.0000
877.0 0.0000
878.0 0.0000
879.0 0.0000
880.0 0.0000
881.0 0.0001
882.0 0.0001
883.0 0.0000
884.0 0.0000
885.0 0.0000
886.0 0.0001
887.0 0.0001
888.0 0.0000
889.0 0.0000
890.0 0.0001
891.0 0.0002
892.0 0.0000
893.0 0.0000
894.0 0.0000
895.0 0.0000
896.0 0.0000
897.0 0.0000
898.0 0.0002
899.0 0.0000
900.0 0.0000
901.0 0.0001
902.0 0.0000
903.0 0.0000
904.0 0.0000
905.0 0.0001
906.0 0.0000
907.0 0.0000
908.0 0.0000
909.0 0.0000
910.0 0.0000
911.0 0.0000
912.0 0.0000
913.0 0.0000
914.0 0.0000
915.0 0.0000
916.0 0.0000
917.0 0.0001
918.0 0.0000
919.0 0.0000
920.0 0.0000
921.0 0.0000
922.0 0.0000
923.0 0.0000
924.0 0.0000
925.0 0.0000
926.0 0.0000
927.0 0.0000
928.0 0.0000
929.0 0.0000
930.0 0.0000
931.0 0.0001
932.0 0.0000
933.0 0.0000
934.0 0.0000
935.0 0.0000
936.0 0.0000
937.0 0.0000
938.0 0.0000
939.0 0.0000
940.0 0.0000
941.0 0.0000
942.0 0.0000
943.0 0.0000
944.0 0.0000
945.0 0.0000
946.0 0.0000
947.0 0.0000
948.0 0.0000
949.0 0.0000
950.0 0.0000
951.0 0.0000
952.0 0.0000
953.0 0.0000
954.0 0.0000
955.0 0.0000
956.0 0.0000
957.0 0.0000
958.0 0.0000
959.0 0.0000
960.0 0.0000
961.0 0.0000
962.0 0.0000
963.0 0.0000
964.0 0.0000
965.0 0.0000
966.0 0.0000
967.0 0.0000
968.0 0.0000
969.0 0.0000
970.0 0.0000
971.0 0.0000
972.0 0.0000
973.0 0.0000
974.0 0.0000
975.0 0.0000
976.0 0.0000
977.0 0.0000
978.0 0.0000
979.0 0.0000
980.0 0.0000
981.0 0.0000
982.0 0.0000
983.0 0.0000
984.0 0.0000
985.0 0.0000
986.0 0.0000
987.0 0.0000
988.0 0.0000
989.0 0.0000
990.0 0.0000
991.0 0.0000
992.0 0.0000
993.0 0.0000
994.0 0.0000
995.0 0.0000
996.0 0.0000
997.0 0.0000
998.0 0.0000
999.0 0.0000
1000.0 0.0000
1001.0 0.0000
1002.0 0.0000
1003.0 0.0000
1004.0 0.0000
1005.0 0.0000
1006.0 0.0000
1007.0 0.0000
1008.0 0.0000
1009.0 0.0000
1010.0 0.0000
1011.0 0.0000
1012.0 0.0000
1013.0 0.0000
1014.0 0.0000
1015.0 0.0000
1016.0 0.0000
1017.0 0.0000
1018.0 0.0000
1019.0 0.0000
1020.0 0.0000
1021.0 0.0000
1022.0 0.0000
1023.0 0.0000
1024.0 0.0000
1025.0 0.0000
1026.0 0.0000
1027.0 0.0000
1028.0 0.0000
1029.0 0.0000
1030.0 0.0000
1031.0 0.0000
1032.0 0.0000
1033.0 0.0000
1034.0 0.0000
1035.0 0.0000
1036.0 0.0000
1037.0 0.0000
1038.0 0.0000
1039.0 0.0000
1040.0 0.0001
1041.0 0.0001
1042.0 0.0001
1043.0 0.0001
1044.0 0.0001
1045.0 0.0001
1046.0 0.0001
1047.0 0.0001
1048.0 0.0001
1049.0 0.0001
1050.0 0.0001
1051.0 0.0001
1052.0 0.0002
1053.0 0.0002
1054.0 0.0002
1055.0 0.0002
1056.0 0.0002
1057.0 0.0002
1058.0 0.0002
1059.0 0.0002
1060.0 0.0002
1061.0 0.0002
1062.0 0.0002
1063.0 0.0002
1064.0 0.0002
1065.0 0.0003
1066.0 0.0003
1067.0 0.0003
1068.0 0.0003
1069.0 0.0002
1070.0 0.0002
1071.0 0.0002
1072.0 0.0002
1073.0 0.0002
1074.0 0.0002
1075.0 0.0002
1076.0 0.0002
1077.0 0.0002
1078.0 0.0002
1079.0 0.0002
1080.0 0.0002
1081.0 0.0002
1082.0 0.0001
1083.0 0.0001
1084.0 0.0001
1085.0 0.0001
1086.0 0.0001
1087.0 0.0001
1088.0 0.0001
1089.0 0.0001
1090.0 0.0001
1091.0 0.0001
1092.0 0.0001
1093.0 0.0001
1094.0 0.0001
1095.0 0.0001
1096.0 0.0002
1097.0 0.0002
1098.0 0.0002
1099.0 0.0002
1100.0 0.0002
1101.0 0.0002
1102.0 0.0003
1103.0 0.0003
1104.0 0.0003
1105.0 0.0003
1106.0 0.0004
1107.0 0.0004
1108.0 0.0004
1109.0 0.0005
1110.0 0.0005
1111.0 0.0006
1112.0 0.0006
1113.0 0.0007
1114.0 0.0007
1115.0 0.0007
1116.0 0.0008
1117.0 0.0008
1118.0 0.0009
1119.0 0.0009
1120.0 0.0009
1121.0 0.0010
1122.0 0.0010
1123.0 0.0010
1124.0 0.0010
1125.0 0.0011
1126.0 0.0011
1127.0 0.0011
1128.0 0.0011
1129.0 0.0011
1130.0 0.0012
1131.0 0.0012
1132.0 0.0012
1133.0 0.0012
1134.0 0.0013
1135.0 0.0013
1136.0 0.0014
1137.0 0.0014
1138.0 0.0014
1139.0 0.0015
1140.0 0.0016
1141.0 0.0016
1142.0 0.0017
1143.0 0.0017
1144.0 0.0018
1145.0 0.0019
1146.0 0.0020
1147.0 0.0021
1148.0 0.0022
1149.0 0.0023
1150.0 0.0024
1151.0 0.0025
1152.0 0.0027
1153.0 0.0028
1154.0 0.0030
1155.0 0.0032
1156.0 0.0034
1157.0 0.0037
1158.0 0.0039
1159.0 0.0042
1160.0 0.0045
1161.0 0.0049
1162.0 0.0052
1163.0 0.0056
1164.0 0.0060
1165.0 0.0065
1166.0 0.0069
1167.0 0.0074
1168.0 0.0079
1169.0 0.0084
1170.0 0.0088
1171.0 0.0093
1172.0 0.0097
1173.0 0.0101
1174.0 0.0105
1175.0 0.0109
1176.0 0.0113
1177.0 0.0116
1178.0 0.0120
1179.0 0.0122
1180.0 0.0125
1181.0 0.0128
1182.0 0.0130
1183.0 0.0133
1184.0 0.0135
1185.0 0.0137
1186.0 0.0140
1187.0 0.0143
1188.0 0.0146
1189.0 0.0150
1190.0 0.0155
1191.0 0.0161
1192.0 0.0169
1193.0 0.0178
1194.0 0.0189
1195.0 0.0203
1196.0 0.0220
1197.0 0.0241
1198.0 0.0267
1199.0 0.0298
1200.0 0.0336
