# Data from LCA-18, V24
# File name: LCA-18_Throughput_Budget_2016-07-29.xlsx
# tab: Performance summary, col: AE

300.0 0.0000
301.0 0.0000
302.0 0.0000
303.0 0.0000
304.0 0.0000
305.0 0.0000
306.0 0.0000
307.0 0.0000
308.0 0.0000
309.0 0.0000
310.0 0.0000
311.0 0.0000
312.0 0.0000
313.0 0.0000
314.0 0.0000
315.0 0.0000
316.0 0.0000
317.0 0.0000
318.0 0.0000
319.0 0.0000
320.0 0.0000
321.0 0.0000
322.0 0.0000
323.0 0.0000
324.0 0.0000
325.0 0.0000
326.0 0.0000
327.0 0.0000
328.0 0.0000
329.0 0.0000
330.0 0.0000
331.0 0.0000
332.0 0.0000
333.0 0.0000
334.0 0.0000
335.0 0.0000
336.0 0.0000
337.0 0.0000
338.0 0.0000
339.0 0.0000
340.0 0.0000
341.0 0.0000
342.0 0.0000
343.0 0.0000
344.0 0.0000
345.0 0.0000
346.0 0.0000
347.0 0.0000
348.0 0.0000
349.0 0.0000
350.0 0.0000
351.0 0.0000
352.0 0.0000
353.0 0.0000
354.0 0.0000
355.0 0.0000
356.0 0.0000
357.0 0.0000
358.0 0.0000
359.0 0.0000
360.0 0.0000
361.0 0.0000
362.0 0.0000
363.0 0.0000
364.0 0.0000
365.0 0.0000
366.0 0.0000
367.0 0.0000
368.0 0.0000
369.0 0.0000
370.0 0.0000
371.0 0.0000
372.0 0.0000
373.0 0.0000
374.0 0.0000
375.0 0.0000
376.0 0.0000
377.0 0.0000
378.0 0.0000
379.0 0.0000
380.0 0.0000
381.0 0.0000
382.0 0.0000
383.0 0.0000
384.0 0.0000
385.0 0.0000
386.0 0.0000
387.0 0.0000
388.0 0.0000
389.0 0.0000
390.0 0.0000
391.0 0.0000
392.0 0.0000
393.0 0.0000
394.0 0.0000
395.0 0.0000
396.0 0.0000
397.0 0.0000
398.0 0.0000
399.0 0.0000
400.0 0.0000
401.0 0.0000
402.0 0.0000
403.0 0.0000
404.0 0.0000
405.0 0.0000
406.0 0.0000
407.0 0.0000
408.0 0.0000
409.0 0.0000
410.0 0.0000
411.0 0.0000
412.0 0.0000
413.0 0.0000
414.0 0.0000
415.0 0.0000
416.0 0.0000
417.0 0.0000
418.0 0.0000
419.0 0.0000
420.0 0.0000
421.0 0.0000
422.0 0.0000
423.0 0.0000
424.0 0.0000
425.0 0.0000
426.0 0.0000
427.0 0.0000
428.0 0.0000
429.0 0.0000
430.0 0.0000
431.0 0.0000
432.0 0.0000
433.0 0.0000
434.0 0.0000
435.0 0.0000
436.0 0.0000
437.0 0.0000
438.0 0.0000
439.0 0.0000
440.0 0.0000
441.0 0.0000
442.0 0.0000
443.0 0.0000
444.0 0.0000
445.0 0.0000
446.0 0.0000
447.0 0.0000
448.0 0.0000
449.0 0.0000
450.0 0.0000
451.0 0.0000
452.0 0.0000
453.0 0.0000
454.0 0.0000
455.0 0.0000
456.0 0.0000
457.0 0.0000
458.0 0.0000
459.0 0.0000
460.0 0.0000
461.0 0.0000
462.0 0.0000
463.0 0.0000
464.0 0.0000
465.0 0.0000
466.0 0.0000
467.0 0.0000
468.0 0.0000
469.0 0.0000
470.0 0.0000
471.0 0.0000
472.0 0.0000
473.0 0.0000
474.0 0.0000
475.0 0.0000
476.0 0.0000
477.0 0.0000
478.0 0.0000
479.0 0.0000
480.0 0.0000
481.0 0.0000
482.0 0.0000
483.0 0.0000
484.0 0.0000
485.0 0.0000
486.0 0.0000
487.0 0.0000
488.0 0.0000
489.0 0.0000
490.0 0.0000
491.0 0.0000
492.0 0.0000
493.0 0.0000
494.0 0.0000
495.0 0.0000
496.0 0.0000
497.0 0.0000
498.0 0.0000
499.0 0.0000
500.0 0.0000
501.0 0.0000
502.0 0.0000
503.0 0.0000
504.0 0.0000
505.0 0.0000
506.0 0.0000
507.0 0.0000
508.0 0.0000
509.0 0.0000
510.0 0.0000
511.0 0.0000
512.0 0.0000
513.0 0.0000
514.0 0.0000
515.0 0.0000
516.0 0.0000
517.0 0.0000
518.0 0.0000
519.0 0.0000
520.0 0.0000
521.0 0.0000
522.0 0.0000
523.0 0.0000
524.0 0.0000
525.0 0.0000
526.0 0.0000
527.0 0.0000
528.0 0.0000
529.0 0.0000
530.0 0.0000
531.0 0.0000
532.0 0.0000
533.0 0.0000
534.0 0.0000
535.0 0.0000
536.0 0.0000
537.0 0.0000
538.0 0.0000
539.0 0.0000
540.0 0.0000
541.0 0.0000
542.0 0.0000
543.0 0.0000
544.0 0.0000
545.0 0.0000
546.0 0.0000
547.0 0.0000
548.0 0.0000
549.0 0.0000
550.0 0.0000
551.0 0.0000
552.0 0.0000
553.0 0.0000
554.0 0.0000
555.0 0.0000
556.0 0.0000
557.0 0.0000
558.0 0.0000
559.0 0.0000
560.0 0.0000
561.0 0.0000
562.0 0.0000
563.0 0.0000
564.0 0.0000
565.0 0.0000
566.0 0.0000
567.0 0.0000
568.0 0.0000
569.0 0.0000
570.0 0.0000
571.0 0.0000
572.0 0.0000
573.0 0.0000
574.0 0.0000
575.0 0.0000
576.0 0.0000
577.0 0.0000
578.0 0.0000
579.0 0.0000
580.0 0.0000
581.0 0.0000
582.0 0.0000
583.0 0.0000
584.0 0.0000
585.0 0.0000
586.0 0.0000
587.0 0.0000
588.0 0.0000
589.0 0.0000
590.0 0.0000
591.0 0.0000
592.0 0.0000
593.0 0.0000
594.0 0.0000
595.0 0.0000
596.0 0.0000
597.0 0.0000
598.0 0.0000
599.0 0.0000
600.0 0.0000
601.0 0.0000
602.0 0.0000
603.0 0.0000
604.0 0.0000
605.0 0.0000
606.0 0.0000
607.0 0.0000
608.0 0.0000
609.0 0.0000
610.0 0.0000
611.0 0.0000
612.0 0.0000
613.0 0.0000
614.0 0.0000
615.0 0.0000
616.0 0.0000
617.0 0.0000
618.0 0.0000
619.0 0.0000
620.0 0.0000
621.0 0.0000
622.0 0.0000
623.0 0.0000
624.0 0.0000
625.0 0.0000
626.0 0.0000
627.0 0.0000
628.0 0.0000
629.0 0.0000
630.0 0.0000
631.0 0.0000
632.0 0.0000
633.0 0.0000
634.0 0.0000
635.0 0.0000
636.0 0.0000
637.0 0.0000
638.0 0.0000
639.0 0.0000
640.0 0.0000
641.0 0.0000
642.0 0.0000
643.0 0.0000
644.0 0.0000
645.0 0.0000
646.0 0.0000
647.0 0.0000
648.0 0.0000
649.0 0.0000
650.0 0.0000
651.0 0.0000
652.0 0.0000
653.0 0.0000
654.0 0.0000
655.0 0.0000
656.0 0.0000
657.0 0.0000
658.0 0.0000
659.0 0.0000
660.0 0.0000
661.0 0.0000
662.0 0.0000
663.0 0.0000
664.0 0.0000
665.0 0.0000
666.0 0.0000
667.0 0.0000
668.0 0.0000
669.0 0.0000
670.0 0.0000
671.0 0.0000
672.0 0.0000
673.0 0.0000
674.0 0.0000
675.0 0.0000
676.0 0.0000
677.0 0.0000
678.0 0.0000
679.0 0.0000
680.0 0.0000
681.0 0.0000
682.0 0.0000
683.0 0.0000
684.0 0.0000
685.0 0.0000
686.0 0.0000
687.0 0.0000
688.0 0.0000
689.0 0.0000
690.0 0.0000
691.0 0.0000
692.0 0.0000
693.0 0.0000
694.0 0.0000
695.0 0.0000
696.0 0.0000
697.0 0.0000
698.0 0.0000
699.0 0.0000
700.0 0.0000
701.0 0.0000
702.0 0.0000
703.0 0.0000
704.0 0.0000
705.0 0.0000
706.0 0.0000
707.0 0.0000
708.0 0.0000
709.0 0.0000
710.0 0.0000
711.0 0.0000
712.0 0.0000
713.0 0.0000
714.0 0.0000
715.0 0.0000
716.0 0.0000
717.0 0.0000
718.0 0.0000
719.0 0.0000
720.0 0.0000
721.0 0.0000
722.0 0.0000
723.0 0.0000
724.0 0.0000
725.0 0.0000
726.0 0.0000
727.0 0.0000
728.0 0.0000
729.0 0.0000
730.0 0.0000
731.0 0.0000
732.0 0.0000
733.0 0.0000
734.0 0.0000
735.0 0.0000
736.0 0.0000
737.0 0.0000
738.0 0.0000
739.0 0.0000
740.0 0.0000
741.0 0.0000
742.0 0.0000
743.0 0.0000
744.0 0.0000
745.0 0.0000
746.0 0.0000
747.0 0.0000
748.0 0.0000
749.0 0.0000
750.0 0.0000
751.0 0.0000
752.0 0.0000
753.0 0.0000
754.0 0.0000
755.0 0.0000
756.0 0.0000
757.0 0.0000
758.0 0.0000
759.0 0.0000
760.0 0.0000
761.0 0.0000
762.0 0.0000
763.0 0.0000
764.0 0.0000
765.0 0.0000
766.0 0.0000
767.0 0.0000
768.0 0.0000
769.0 0.0000
770.0 0.0000
771.0 0.0000
772.0 0.0000
773.0 0.0000
774.0 0.0000
775.0 0.0000
776.0 0.0000
777.0 0.0000
778.0 0.0000
779.0 0.0000
780.0 0.0000
781.0 0.0000
782.0 0.0000
783.0 0.0000
784.0 0.0000
785.0 0.0000
786.0 0.0000
787.0 0.0000
788.0 0.0000
789.0 0.0000
790.0 0.0000
791.0 0.0000
792.0 0.0000
793.0 0.0000
794.0 0.0000
795.0 0.0000
796.0 0.0000
797.0 0.0000
798.0 0.0000
799.0 0.0000
800.0 0.0000
801.0 0.0000
802.0 0.0000
803.0 0.0000
804.0 0.0000
805.0 0.0000
806.0 0.0000
807.0 0.0000
808.0 0.0000
809.0 0.0000
810.0 0.0000
811.0 0.0000
812.0 0.0000
813.0 0.0000
814.0 0.0000
815.0 0.0000
816.0 0.0000
817.0 0.0000
818.0 0.0000
819.0 0.0000
820.0 0.0000
821.0 0.0000
822.0 0.0000
823.0 0.0000
824.0 0.0000
825.0 0.0000
826.0 0.0000
827.0 0.0000
828.0 0.0000
829.0 0.0000
830.0 0.0000
831.0 0.0000
832.0 0.0000
833.0 0.0000
834.0 0.0000
835.0 0.0000
836.0 0.0000
837.0 0.0000
838.0 0.0000
839.0 0.0000
840.0 0.0000
841.0 0.0000
842.0 0.0000
843.0 0.0000
844.0 0.0000
845.0 0.0000
846.0 0.0000
847.0 0.0000
848.0 0.0000
849.0 0.0000
850.0 0.0000
851.0 0.0000
852.0 0.0000
853.0 0.0000
854.0 0.0000
855.0 0.0000
856.0 0.0000
857.0 0.0000
858.0 0.0000
859.0 0.0000
860.0 0.0000
861.0 0.0000
862.0 0.0000
863.0 0.0000
864.0 0.0000
865.0 0.0000
866.0 0.0000
867.0 0.0000
868.0 0.0000
869.0 0.0000
870.0 0.0000
871.0 0.0000
872.0 0.0000
873.0 0.0000
874.0 0.0000
875.0 0.0000
876.0 0.0000
877.0 0.0000
878.0 0.0000
879.0 0.0000
880.0 0.0000
881.0 0.0000
882.0 0.0000
883.0 0.0000
884.0 0.0000
885.0 0.0000
886.0 0.0000
887.0 0.0000
888.0 0.0000
889.0 0.0000
890.0 0.0000
891.0 0.0000
892.0 0.0000
893.0 0.0000
894.0 0.0000
895.0 0.0000
896.0 0.0000
897.0 0.0000
898.0 0.0000
899.0 0.0000
900.0 0.0000
901.0 0.0000
902.0 0.0000
903.0 0.0000
904.0 0.0001
905.0 0.0001
906.0 0.0002
907.0 0.0004
908.0 0.0008
909.0 0.0017
910.0 0.0037
911.0 0.0079
912.0 0.0152
913.0 0.0245
914.0 0.0349
915.0 0.0500
916.0 0.0749
917.0 0.1068
918.0 0.1338
919.0 0.1534
920.0 0.1730
921.0 0.1955
922.0 0.2161
923.0 0.2360
924.0 0.2633
925.0 0.2968
926.0 0.3245
927.0 0.3500
928.0 0.3858
929.0 0.4341
930.0 0.4963
931.0 0.5774
932.0 0.6527
933.0 0.7081
934.0 0.7575
935.0 0.8105
936.0 0.8577
937.0 0.8992
938.0 0.9391
939.0 0.9679
940.0 0.9779
941.0 0.9796
942.0 0.9803
943.0 0.9814
944.0 0.9825
945.0 0.9831
946.0 0.9833
947.0 0.9832
948.0 0.9829
949.0 0.9828
950.0 0.9828
951.0 0.9830
952.0 0.9835
953.0 0.9842
954.0 0.9851
955.0 0.9860
956.0 0.9869
957.0 0.9878
958.0 0.9886
959.0 0.9892
960.0 0.9897
961.0 0.9901
962.0 0.9903
963.0 0.9904
964.0 0.9904
965.0 0.9904
966.0 0.9905
967.0 0.9905
968.0 0.9907
969.0 0.9909
970.0 0.9911
971.0 0.9914
972.0 0.9917
973.0 0.9920
974.0 0.9924
975.0 0.9927
976.0 0.9930
977.0 0.9933
978.0 0.9936
979.0 0.9938
980.0 0.9941
981.0 0.9942
982.0 0.9943
983.0 0.9944
984.0 0.9945
985.0 0.9945
986.0 0.9945
987.0 0.9945
988.0 0.9945
989.0 0.9945
990.0 0.9946
991.0 0.9947
992.0 0.9948
993.0 0.9949
994.0 0.9951
995.0 0.9952
996.0 0.9953
997.0 0.9953
998.0 0.9952
999.0 0.9950
1000.0 0.9947
1001.0 0.9943
1002.0 0.9937
1003.0 0.9931
1004.0 0.9924
1005.0 0.9916
1006.0 0.9909
1007.0 0.9901
1008.0 0.9895
1009.0 0.9889
1010.0 0.9885
1011.0 0.9882
1012.0 0.9880
1013.0 0.9879
1014.0 0.9880
1015.0 0.9882
1016.0 0.9884
1017.0 0.9887
1018.0 0.9889
1019.0 0.9892
1020.0 0.9895
1021.0 0.9897
1022.0 0.9900
1023.0 0.9901
1024.0 0.9903
1025.0 0.9904
1026.0 0.9905
1027.0 0.9905
1028.0 0.9906
1029.0 0.9907
1030.0 0.9908
1031.0 0.9909
1032.0 0.9910
1033.0 0.9910
1034.0 0.9910
1035.0 0.9910
1036.0 0.9909
1037.0 0.9907
1038.0 0.9904
1039.0 0.9901
1040.0 0.9897
1041.0 0.9893
1042.0 0.9888
1043.0 0.9883
1044.0 0.9878
1045.0 0.9873
1046.0 0.9869
1047.0 0.9866
1048.0 0.9863
1049.0 0.9861
1050.0 0.9859
1051.0 0.9858
1052.0 0.9858
1053.0 0.9858
1054.0 0.9858
1055.0 0.9857
1056.0 0.9856
1057.0 0.9855
1058.0 0.9852
1059.0 0.9849
1060.0 0.9844
1061.0 0.9839
1062.0 0.9833
1063.0 0.9826
1064.0 0.9820
1065.0 0.9813
1066.0 0.9807
1067.0 0.9802
1068.0 0.9798
1069.0 0.9795
1070.0 0.9793
1071.0 0.9793
1072.0 0.9794
1073.0 0.9795
1074.0 0.9798
1075.0 0.9800
1076.0 0.9802
1077.0 0.9801
1078.0 0.9799
1079.0 0.9792
1080.0 0.9782
1081.0 0.9765
1082.0 0.9742
1083.0 0.9711
1084.0 0.9672
1085.0 0.9624
1086.0 0.9566
1087.0 0.9498
1088.0 0.9421
1089.0 0.9334
1090.0 0.9237
1091.0 0.9132
1092.0 0.9018
1093.0 0.8898
1094.0 0.8771
1095.0 0.8640
1096.0 0.8505
1097.0 0.8368
1098.0 0.8230
1099.0 0.8092
1100.0 0.7956
1101.0 0.7823
1102.0 0.7695
1103.0 0.7572
1104.0 0.7455
1105.0 0.7345
1106.0 0.7242
1107.0 0.7147
1108.0 0.7061
1109.0 0.6983
1110.0 0.6915
1111.0 0.6855
1112.0 0.6804
1113.0 0.6761
1114.0 0.6726
1115.0 0.6697
1116.0 0.6675
1117.0 0.6657
1118.0 0.6644
1119.0 0.6633
1120.0 0.6624
1121.0 0.6614
1122.0 0.6604
1123.0 0.6591
1124.0 0.6574
1125.0 0.6553
1126.0 0.6526
1127.0 0.6493
1128.0 0.6453
1129.0 0.6407
1130.0 0.6353
1131.0 0.6293
1132.0 0.6228
1133.0 0.6158
1134.0 0.6084
1135.0 0.6009
1136.0 0.5935
1137.0 0.5862
1138.0 0.5792
1139.0 0.5728
1140.0 0.5671
1141.0 0.5623
1142.0 0.5585
1143.0 0.5559
1144.0 0.5546
1145.0 0.5547
1146.0 0.5563
1147.0 0.5595
1148.0 0.5641
1149.0 0.5704
1150.0 0.5782
1151.0 0.5877
1152.0 0.5986
1153.0 0.6111
1154.0 0.6248
1155.0 0.6399
1156.0 0.6559
1157.0 0.6729
1158.0 0.6907
1159.0 0.7092
1160.0 0.7281
1161.0 0.7474
1162.0 0.7667
1163.0 0.7858
1164.0 0.8043
1165.0 0.8221
1166.0 0.8387
1167.0 0.8541
1168.0 0.8680
1169.0 0.8803
1170.0 0.8907
1171.0 0.8991
1172.0 0.9055
1173.0 0.9098
1174.0 0.9120
1175.0 0.9122
1176.0 0.9104
1177.0 0.9068
1178.0 0.9016
1179.0 0.8949
1180.0 0.8870
1181.0 0.8782
1182.0 0.8687
1183.0 0.8588
1184.0 0.8486
1185.0 0.8385
1186.0 0.8286
1187.0 0.8192
1188.0 0.8104
1189.0 0.8024
1190.0 0.7953
1191.0 0.7894
1192.0 0.7846
1193.0 0.7810
1194.0 0.7787
1195.0 0.7776
1196.0 0.7779
1197.0 0.7794
1198.0 0.7822
1199.0 0.7861
1200.0 0.7910
