# Data from LCA-18, V24
# File name: LCA-18_Throughput_Budget_2016-07-29.xlsx
# tab: Performance summary, col: AD

300.0 0.0000
301.0 0.0000
302.0 0.0000
303.0 0.0000
304.0 0.0000
305.0 0.0000
306.0 0.0000
307.0 0.0000
308.0 0.0000
309.0 0.0000
310.0 0.0000
311.0 0.0000
312.0 0.0000
313.0 0.0000
314.0 0.0000
315.0 0.0000
316.0 0.0000
317.0 0.0000
318.0 0.0000
319.0 0.0000
320.0 0.0000
321.0 0.0000
322.0 0.0000
323.0 0.0000
324.0 0.0000
325.0 0.0000
326.0 0.0000
327.0 0.0000
328.0 0.0000
329.0 0.0000
330.0 0.0000
331.0 0.0000
332.0 0.0000
333.0 0.0000
334.0 0.0000
335.0 0.0000
336.0 0.0000
337.0 0.0000
338.0 0.0000
339.0 0.0000
340.0 0.0000
341.0 0.0000
342.0 0.0000
343.0 0.0000
344.0 0.0000
345.0 0.0000
346.0 0.0000
347.0 0.0000
348.0 0.0000
349.0 0.0000
350.0 0.0000
351.0 0.0000
352.0 0.0000
353.0 0.0000
354.0 0.0000
355.0 0.0000
356.0 0.0000
357.0 0.0000
358.0 0.0000
359.0 0.0000
360.0 0.0000
361.0 0.0000
362.0 0.0000
363.0 0.0000
364.0 0.0000
365.0 0.0000
366.0 0.0000
367.0 0.0000
368.0 0.0000
369.0 0.0000
370.0 0.0000
371.0 0.0000
372.0 0.0000
373.0 0.0000
374.0 0.0000
375.0 0.0000
376.0 0.0000
377.0 0.0000
378.0 0.0000
379.0 0.0000
380.0 0.0000
381.0 0.0000
382.0 0.0000
383.0 0.0000
384.0 0.0000
385.0 0.0000
386.0 0.0000
387.0 0.0000
388.0 0.0000
389.0 0.0000
390.0 0.0000
391.0 0.0000
392.0 0.0000
393.0 0.0000
394.0 0.0000
395.0 0.0000
396.0 0.0000
397.0 0.0000
398.0 0.0000
399.0 0.0000
400.0 0.0000
401.0 0.0000
402.0 0.0000
403.0 0.0000
404.0 0.0000
405.0 0.0000
406.0 0.0000
407.0 0.0000
408.0 0.0000
409.0 0.0000
410.0 0.0000
411.0 0.0000
412.0 0.0000
413.0 0.0000
414.0 0.0000
415.0 0.0000
416.0 0.0000
417.0 0.0000
418.0 0.0000
419.0 0.0000
420.0 0.0000
421.0 0.0000
422.0 0.0000
423.0 0.0000
424.0 0.0000
425.0 0.0000
426.0 0.0000
427.0 0.0000
428.0 0.0000
429.0 0.0000
430.0 0.0000
431.0 0.0000
432.0 0.0000
433.0 0.0000
434.0 0.0000
435.0 0.0000
436.0 0.0000
437.0 0.0000
438.0 0.0000
439.0 0.0000
440.0 0.0000
441.0 0.0000
442.0 0.0000
443.0 0.0000
444.0 0.0000
445.0 0.0000
446.0 0.0000
447.0 0.0000
448.0 0.0000
449.0 0.0000
450.0 0.0000
451.0 0.0000
452.0 0.0000
453.0 0.0000
454.0 0.0000
455.0 0.0000
456.0 0.0000
457.0 0.0000
458.0 0.0000
459.0 0.0000
460.0 0.0000
461.0 0.0000
462.0 0.0000
463.0 0.0000
464.0 0.0000
465.0 0.0000
466.0 0.0000
467.0 0.0000
468.0 0.0000
469.0 0.0000
470.0 0.0000
471.0 0.0000
472.0 0.0000
473.0 0.0000
474.0 0.0000
475.0 0.0000
476.0 0.0000
477.0 0.0000
478.0 0.0000
479.0 0.0000
480.0 0.0000
481.0 0.0000
482.0 0.0000
483.0 0.0000
484.0 0.0000
485.0 0.0000
486.0 0.0000
487.0 0.0000
488.0 0.0000
489.0 0.0000
490.0 0.0000
491.0 0.0000
492.0 0.0000
493.0 0.0000
494.0 0.0000
495.0 0.0000
496.0 0.0000
497.0 0.0000
498.0 0.0000
499.0 0.0000
500.0 0.0000
501.0 0.0000
502.0 0.0000
503.0 0.0000
504.0 0.0000
505.0 0.0000
506.0 0.0000
507.0 0.0000
508.0 0.0000
509.0 0.0000
510.0 0.0000
511.0 0.0000
512.0 0.0000
513.0 0.0000
514.0 0.0000
515.0 0.0000
516.0 0.0000
517.0 0.0000
518.0 0.0000
519.0 0.0000
520.0 0.0000
521.0 0.0000
522.0 0.0000
523.0 0.0000
524.0 0.0000
525.0 0.0000
526.0 0.0000
527.0 0.0000
528.0 0.0000
529.0 0.0000
530.0 0.0000
531.0 0.0000
532.0 0.0000
533.0 0.0000
534.0 0.0000
535.0 0.0000
536.0 0.0000
537.0 0.0000
538.0 0.0000
539.0 0.0000
540.0 0.0000
541.0 0.0000
542.0 0.0000
543.0 0.0000
544.0 0.0000
545.0 0.0000
546.0 0.0000
547.0 0.0000
548.0 0.0000
549.0 0.0000
550.0 0.0000
551.0 0.0000
552.0 0.0000
553.0 0.0000
554.0 0.0000
555.0 0.0000
556.0 0.0000
557.0 0.0000
558.0 0.0000
559.0 0.0000
560.0 0.0000
561.0 0.0000
562.0 0.0000
563.0 0.0000
564.0 0.0000
565.0 0.0000
566.0 0.0000
567.0 0.0000
568.0 0.0000
569.0 0.0000
570.0 0.0000
571.0 0.0000
572.0 0.0000
573.0 0.0000
574.0 0.0000
575.0 0.0000
576.0 0.0000
577.0 0.0000
578.0 0.0000
579.0 0.0000
580.0 0.0000
581.0 0.0000
582.0 0.0000
583.0 0.0000
584.0 0.0000
585.0 0.0000
586.0 0.0000
587.0 0.0000
588.0 0.0000
589.0 0.0000
590.0 0.0000
591.0 0.0000
592.0 0.0000
593.0 0.0000
594.0 0.0000
595.0 0.0000
596.0 0.0000
597.0 0.0000
598.0 0.0000
599.0 0.0000
600.0 0.0000
601.0 0.0000
602.0 0.0000
603.0 0.0000
604.0 0.0000
605.0 0.0000
606.0 0.0000
607.0 0.0000
608.0 0.0000
609.0 0.0000
610.0 0.0000
611.0 0.0000
612.0 0.0000
613.0 0.0000
614.0 0.0000
615.0 0.0000
616.0 0.0000
617.0 0.0000
618.0 0.0000
619.0 0.0000
620.0 0.0000
621.0 0.0000
622.0 0.0000
623.0 0.0000
624.0 0.0000
625.0 0.0000
626.0 0.0000
627.0 0.0000
628.0 0.0000
629.0 0.0000
630.0 0.0000
631.0 0.0000
632.0 0.0000
633.0 0.0000
634.0 0.0000
635.0 0.0000
636.0 0.0000
637.0 0.0000
638.0 0.0000
639.0 0.0000
640.0 0.0000
641.0 0.0000
642.0 0.0000
643.0 0.0000
644.0 0.0000
645.0 0.0000
646.0 0.0000
647.0 0.0000
648.0 0.0000
649.0 0.0000
650.0 0.0000
651.0 0.0000
652.0 0.0000
653.0 0.0000
654.0 0.0000
655.0 0.0000
656.0 0.0000
657.0 0.0000
658.0 0.0000
659.0 0.0000
660.0 0.0000
661.0 0.0000
662.0 0.0000
663.0 0.0000
664.0 0.0000
665.0 0.0000
666.0 0.0000
667.0 0.0000
668.0 0.0000
669.0 0.0000
670.0 0.0000
671.0 0.0000
672.0 0.0000
673.0 0.0000
674.0 0.0000
675.0 0.0000
676.0 0.0000
677.0 0.0000
678.0 0.0000
679.0 0.0000
680.0 0.0000
681.0 0.0000
682.0 0.0000
683.0 0.0000
684.0 0.0000
685.0 0.0000
686.0 0.0000
687.0 0.0000
688.0 0.0000
689.0 0.0000
690.0 0.0000
691.0 0.0000
692.0 0.0000
693.0 0.0000
694.0 0.0000
695.0 0.0000
696.0 0.0000
697.0 0.0000
698.0 0.0000
699.0 0.0000
700.0 0.0000
701.0 0.0000
702.0 0.0000
703.0 0.0000
704.0 0.0000
705.0 0.0000
706.0 0.0000
707.0 0.0000
708.0 0.0000
709.0 0.0000
710.0 0.0000
711.0 0.0000
712.0 0.0000
713.0 0.0000
714.0 0.0000
715.0 0.0000
716.0 0.0000
717.0 0.0000
718.0 0.0000
719.0 0.0000
720.0 0.0000
721.0 0.0000
722.0 0.0000
723.0 0.0000
724.0 0.0000
725.0 0.0000
726.0 0.0000
727.0 0.0000
728.0 0.0000
729.0 0.0000
730.0 0.0000
731.0 0.0000
732.0 0.0000
733.0 0.0000
734.0 0.0000
735.0 0.0000
736.0 0.0000
737.0 0.0000
738.0 0.0000
739.0 0.0000
740.0 0.0000
741.0 0.0000
742.0 0.0000
743.0 0.0000
744.0 0.0000
745.0 0.0000
746.0 0.0000
747.0 0.0000
748.0 0.0000
749.0 0.0000
750.0 0.0000
751.0 0.0000
752.0 0.0000
753.0 0.0000
754.0 0.0000
755.0 0.0000
756.0 0.0000
757.0 0.0000
758.0 0.0000
759.0 0.0000
760.0 0.0000
761.0 0.0000
762.0 0.0000
763.0 0.0000
764.0 0.0000
765.0 0.0000
766.0 0.0000
767.0 0.0000
768.0 0.0000
769.0 0.0000
770.0 0.0000
771.0 0.0000
772.0 0.0000
773.0 0.0000
774.0 0.0000
775.0 0.0000
776.0 0.0000
777.0 0.0000
778.0 0.0000
779.0 0.0000
780.0 0.0000
781.0 0.0000
782.0 0.0000
783.0 0.0000
784.0 0.0000
785.0 0.0000
786.0 0.0000
787.0 0.0000
788.0 0.0000
789.0 0.0000
790.0 0.0000
791.0 0.0000
792.0 0.0000
793.0 0.0000
794.0 0.0000
795.0 0.0000
796.0 0.0000
797.0 0.0000
798.0 0.0001
799.0 0.0001
800.0 0.0003
801.0 0.0007
802.0 0.0020
803.0 0.0060
804.0 0.0181
805.0 0.0351
806.0 0.0437
807.0 0.0608
808.0 0.1103
809.0 0.1631
810.0 0.1739
811.0 0.1847
812.0 0.2145
813.0 0.2367
814.0 0.2564
815.0 0.3023
816.0 0.3448
817.0 0.3599
818.0 0.3884
819.0 0.4373
820.0 0.5003
821.0 0.6048
822.0 0.6903
823.0 0.7386
824.0 0.7929
825.0 0.8540
826.0 0.9027
827.0 0.9508
828.0 0.9839
829.0 0.9896
830.0 0.9897
831.0 0.9913
832.0 0.9934
833.0 0.9949
834.0 0.9957
835.0 0.9960
836.0 0.9961
837.0 0.9962
838.0 0.9963
839.0 0.9964
840.0 0.9963
841.0 0.9962
842.0 0.9960
843.0 0.9958
844.0 0.9955
845.0 0.9953
846.0 0.9950
847.0 0.9948
848.0 0.9946
849.0 0.9945
850.0 0.9945
851.0 0.9945
852.0 0.9946
853.0 0.9948
854.0 0.9951
855.0 0.9954
856.0 0.9958
857.0 0.9963
858.0 0.9967
859.0 0.9971
860.0 0.9974
861.0 0.9977
862.0 0.9979
863.0 0.9980
864.0 0.9979
865.0 0.9978
866.0 0.9976
867.0 0.9973
868.0 0.9970
869.0 0.9967
870.0 0.9963
871.0 0.9960
872.0 0.9957
873.0 0.9955
874.0 0.9954
875.0 0.9954
876.0 0.9954
877.0 0.9954
878.0 0.9955
879.0 0.9955
880.0 0.9955
881.0 0.9956
882.0 0.9956
883.0 0.9956
884.0 0.9956
885.0 0.9956
886.0 0.9957
887.0 0.9958
888.0 0.9958
889.0 0.9958
890.0 0.9958
891.0 0.9957
892.0 0.9955
893.0 0.9952
894.0 0.9948
895.0 0.9944
896.0 0.9939
897.0 0.9933
898.0 0.9927
899.0 0.9920
900.0 0.9912
901.0 0.9905
902.0 0.9898
903.0 0.9891
904.0 0.9883
905.0 0.9873
906.0 0.9855
907.0 0.9823
908.0 0.9771
909.0 0.9687
910.0 0.9561
911.0 0.9388
912.0 0.9183
913.0 0.8957
914.0 0.8694
915.0 0.8383
916.0 0.8065
917.0 0.7793
918.0 0.7550
919.0 0.7292
920.0 0.7020
921.0 0.6748
922.0 0.6440
923.0 0.6046
924.0 0.5613
925.0 0.5131
926.0 0.4507
927.0 0.3894
928.0 0.3353
929.0 0.2809
930.0 0.2237
931.0 0.1692
932.0 0.1276
933.0 0.0948
934.0 0.0636
935.0 0.0344
936.0 0.0157
937.0 0.0070
938.0 0.0032
939.0 0.0016
940.0 0.0008
941.0 0.0004
942.0 0.0002
943.0 0.0001
944.0 0.0001
945.0 0.0001
946.0 0.0000
947.0 0.0000
948.0 0.0000
949.0 0.0000
950.0 0.0000
951.0 0.0000
952.0 0.0000
953.0 0.0000
954.0 0.0000
955.0 0.0000
956.0 0.0000
957.0 0.0000
958.0 0.0000
959.0 0.0000
960.0 0.0000
961.0 0.0000
962.0 0.0000
963.0 0.0000
964.0 0.0000
965.0 0.0000
966.0 0.0000
967.0 0.0000
968.0 0.0000
969.0 0.0000
970.0 0.0000
971.0 0.0000
972.0 0.0000
973.0 0.0000
974.0 0.0000
975.0 0.0000
976.0 0.0000
977.0 0.0000
978.0 0.0000
979.0 0.0000
980.0 0.0000
981.0 0.0000
982.0 0.0000
983.0 0.0000
984.0 0.0000
985.0 0.0000
986.0 0.0000
987.0 0.0000
988.0 0.0000
989.0 0.0000
990.0 0.0000
991.0 0.0000
992.0 0.0000
993.0 0.0000
994.0 0.0000
995.0 0.0000
996.0 0.0000
997.0 0.0000
998.0 0.0000
999.0 0.0000
1000.0 0.0000
1001.0 0.0000
1002.0 0.0000
1003.0 0.0000
1004.0 0.0000
1005.0 0.0000
1006.0 0.0000
1007.0 0.0000
1008.0 0.0000
1009.0 0.0000
1010.0 0.0000
1011.0 0.0000
1012.0 0.0000
1013.0 0.0000
1014.0 0.0000
1015.0 0.0000
1016.0 0.0000
1017.0 0.0000
1018.0 0.0000
1019.0 0.0000
1020.0 0.0000
1021.0 0.0000
1022.0 0.0000
1023.0 0.0000
1024.0 0.0000
1025.0 0.0000
1026.0 0.0000
1027.0 0.0000
1028.0 0.0000
1029.0 0.0000
1030.0 0.0000
1031.0 0.0000
1032.0 0.0000
1033.0 0.0000
1034.0 0.0000
1035.0 0.0000
1036.0 0.0000
1037.0 0.0000
1038.0 0.0000
1039.0 0.0000
1040.0 0.0000
1041.0 0.0000
1042.0 0.0000
1043.0 0.0000
1044.0 0.0000
1045.0 0.0000
1046.0 0.0000
1047.0 0.0000
1048.0 0.0000
1049.0 0.0000
1050.0 0.0000
1051.0 0.0000
1052.0 0.0000
1053.0 0.0000
1054.0 0.0000
1055.0 0.0000
1056.0 0.0000
1057.0 0.0000
1058.0 0.0000
1059.0 0.0000
1060.0 0.0000
1061.0 0.0000
1062.0 0.0000
1063.0 0.0000
1064.0 0.0000
1065.0 0.0000
1066.0 0.0000
1067.0 0.0000
1068.0 0.0000
1069.0 0.0000
1070.0 0.0000
1071.0 0.0000
1072.0 0.0000
1073.0 0.0000
1074.0 0.0000
1075.0 0.0000
1076.0 0.0000
1077.0 0.0000
1078.0 0.0000
1079.0 0.0000
1080.0 0.0000
1081.0 0.0000
1082.0 0.0000
1083.0 0.0000
1084.0 0.0000
1085.0 0.0000
1086.0 0.0000
1087.0 0.0000
1088.0 0.0000
1089.0 0.0000
1090.0 0.0000
1091.0 0.0000
1092.0 0.0000
1093.0 0.0000
1094.0 0.0000
1095.0 0.0000
1096.0 0.0000
1097.0 0.0000
1098.0 0.0000
1099.0 0.0000
1100.0 0.0000
1101.0 0.0000
1102.0 0.0000
1103.0 0.0000
1104.0 0.0000
1105.0 0.0000
1106.0 0.0000
1107.0 0.0000
1108.0 0.0000
1109.0 0.0000
1110.0 0.0000
1111.0 0.0000
1112.0 0.0000
1113.0 0.0000
1114.0 0.0000
1115.0 0.0000
1116.0 0.0000
1117.0 0.0000
1118.0 0.0000
1119.0 0.0000
1120.0 0.0000
1121.0 0.0000
1122.0 0.0000
1123.0 0.0000
1124.0 0.0000
1125.0 0.0000
1126.0 0.0000
1127.0 0.0000
1128.0 0.0000
1129.0 0.0000
1130.0 0.0000
1131.0 0.0000
1132.0 0.0000
1133.0 0.0000
1134.0 0.0000
1135.0 0.0000
1136.0 0.0000
1137.0 0.0000
1138.0 0.0000
1139.0 0.0000
1140.0 0.0000
1141.0 0.0000
1142.0 0.0000
1143.0 0.0000
1144.0 0.0000
1145.0 0.0000
1146.0 0.0000
1147.0 0.0000
1148.0 0.0000
1149.0 0.0000
1150.0 0.0000
1151.0 0.0000
1152.0 0.0000
1153.0 0.0000
1154.0 0.0000
1155.0 0.0000
1156.0 0.0000
1157.0 0.0000
1158.0 0.0000
1159.0 0.0000
1160.0 0.0000
1161.0 0.0000
1162.0 0.0000
1163.0 0.0000
1164.0 0.0000
1165.0 0.0000
1166.0 0.0000
1167.0 0.0000
1168.0 0.0000
1169.0 0.0000
1170.0 0.0000
1171.0 0.0000
1172.0 0.0000
1173.0 0.0000
1174.0 0.0000
1175.0 0.0000
1176.0 0.0000
1177.0 0.0000
1178.0 0.0000
1179.0 0.0000
1180.0 0.0000
1181.0 0.0000
1182.0 0.0000
1183.0 0.0000
1184.0 0.0000
1185.0 0.0000
1186.0 0.0000
1187.0 0.0000
1188.0 0.0000
1189.0 0.0000
1190.0 0.0000
1191.0 0.0000
1192.0 0.0000
1193.0 0.0000
1194.0 0.0000
1195.0 0.0000
1196.0 0.0000
1197.0 0.0000
1198.0 0.0000
1199.0 0.0000
1200.0 0.0000
