# Data from LTS-66, V6
# File name: Telescope Throughput V6.xlsx
# tab: Telescope Throughput Budget, rows: 148 149

Take the wavelength ranges for each band as defined in tab [Filter bandpass]
And take the values in tab [Telescope Throughput Budget] as the losses at the center of each band
The curve is obtained by doing a linear interpolation using the six points

300 0.95372
301 0.95374
302 0.95376
303 0.95377
304 0.95379
305 0.95381
306 0.95382
307 0.95384
308 0.95386
309 0.95387
310 0.95389
311 0.95391
312 0.95392
313 0.95394
314 0.95395
315 0.95397
316 0.95399
317 0.95400
318 0.95402
319 0.95404
320 0.95405
321 0.95407
322 0.95409
323 0.95410
324 0.95412
325 0.95414
326 0.95415
327 0.95417
328 0.95419
329 0.95420
330 0.95422
331 0.95424
332 0.95425
333 0.95427
334 0.95429
335 0.95430
336 0.95432
337 0.95433
338 0.95435
339 0.95437
340 0.95438
341 0.95440
342 0.95442
343 0.95443
344 0.95445
345 0.95447
346 0.95448
347 0.95450
348 0.95452
349 0.95453
350 0.95455
351 0.95457
352 0.95458
353 0.95460
354 0.95462
355 0.95463
356 0.95465
357 0.95467
358 0.95468
359 0.95470
360 0.95471
361 0.95473
362 0.95475
363 0.95476
364 0.95478
365 0.95480
366 0.95481
367 0.95483
368 0.95485
369 0.95486
370 0.95488
371 0.95490
372 0.95491
373 0.95493
374 0.95495
375 0.95496
376 0.95498
377 0.95500
378 0.95501
379 0.95503
380 0.95505
381 0.95506
382 0.95508
383 0.95509
384 0.95511
385 0.95513
386 0.95514
387 0.95516
388 0.95518
389 0.95519
390 0.95521
391 0.95523
392 0.95524
393 0.95526
394 0.95528
395 0.95529
396 0.95531
397 0.95533
398 0.95534
399 0.95536
400 0.95538
401 0.95539
402 0.95541
403 0.95542
404 0.95544
405 0.95546
406 0.95547
407 0.95549
408 0.95551
409 0.95552
410 0.95554
411 0.95556
412 0.95557
413 0.95559
414 0.95561
415 0.95562
416 0.95564
417 0.95566
418 0.95567
419 0.95569
420 0.95571
421 0.95572
422 0.95574
423 0.95576
424 0.95577
425 0.95579
426 0.95580
427 0.95582
428 0.95584
429 0.95585
430 0.95587
431 0.95589
432 0.95590
433 0.95592
434 0.95594
435 0.95595
436 0.95597
437 0.95599
438 0.95600
439 0.95602
440 0.95604
441 0.95605
442 0.95607
443 0.95609
444 0.95610
445 0.95612
446 0.95614
447 0.95615
448 0.95617
449 0.95618
450 0.95620
451 0.95622
452 0.95623
453 0.95625
454 0.95627
455 0.95628
456 0.95630
457 0.95632
458 0.95633
459 0.95635
460 0.95637
461 0.95638
462 0.95640
463 0.95642
464 0.95643
465 0.95645
466 0.95647
467 0.95648
468 0.95650
469 0.95652
470 0.95653
471 0.95655
472 0.95656
473 0.95658
474 0.95660
475 0.95661
476 0.95663
477 0.95665
478 0.95666
479 0.95668
480 0.95670
481 0.95672
482 0.95673
483 0.95675
484 0.95677
485 0.95679
486 0.95680
487 0.95682
488 0.95684
489 0.95686
490 0.95687
491 0.95689
492 0.95691
493 0.95693
494 0.95694
495 0.95696
496 0.95698
497 0.95700
498 0.95701
499 0.95703
500 0.95705
501 0.95707
502 0.95708
503 0.95710
504 0.95712
505 0.95713
506 0.95715
507 0.95717
508 0.95719
509 0.95720
510 0.95722
511 0.95724
512 0.95726
513 0.95727
514 0.95729
515 0.95731
516 0.95733
517 0.95734
518 0.95736
519 0.95738
520 0.95740
521 0.95741
522 0.95743
523 0.95745
524 0.95747
525 0.95748
526 0.95750
527 0.95752
528 0.95754
529 0.95755
530 0.95757
531 0.95759
532 0.95761
533 0.95762
534 0.95764
535 0.95766
536 0.95767
537 0.95769
538 0.95771
539 0.95773
540 0.95774
541 0.95776
542 0.95778
543 0.95780
544 0.95781
545 0.95783
546 0.95785
547 0.95787
548 0.95788
549 0.95790
550 0.95792
551 0.95794
552 0.95795
553 0.95797
554 0.95799
555 0.95801
556 0.95802
557 0.95804
558 0.95806
559 0.95808
560 0.95809
561 0.95811
562 0.95813
563 0.95815
564 0.95816
565 0.95818
566 0.95820
567 0.95821
568 0.95823
569 0.95825
570 0.95827
571 0.95828
572 0.95830
573 0.95832
574 0.95834
575 0.95835
576 0.95837
577 0.95839
578 0.95841
579 0.95842
580 0.95844
581 0.95846
582 0.95848
583 0.95849
584 0.95851
585 0.95853
586 0.95855
587 0.95856
588 0.95858
589 0.95860
590 0.95862
591 0.95863
592 0.95865
593 0.95867
594 0.95869
595 0.95870
596 0.95872
597 0.95874
598 0.95875
599 0.95877
600 0.95879
601 0.95881
602 0.95882
603 0.95884
604 0.95886
605 0.95888
606 0.95889
607 0.95891
608 0.95893
609 0.95895
610 0.95896
611 0.95898
612 0.95900
613 0.95902
614 0.95903
615 0.95905
616 0.95907
617 0.95909
618 0.95910
619 0.95912
620 0.95914
621 0.95916
622 0.95917
623 0.95917
624 0.95917
625 0.95917
626 0.95918
627 0.95918
628 0.95918
629 0.95919
630 0.95919
631 0.95919
632 0.95919
633 0.95920
634 0.95920
635 0.95920
636 0.95921
637 0.95921
638 0.95921
639 0.95922
640 0.95922
641 0.95922
642 0.95922
643 0.95923
644 0.95923
645 0.95923
646 0.95924
647 0.95924
648 0.95924
649 0.95924
650 0.95925
651 0.95925
652 0.95925
653 0.95926
654 0.95926
655 0.95926
656 0.95926
657 0.95927
658 0.95927
659 0.95927
660 0.95928
661 0.95928
662 0.95928
663 0.95928
664 0.95929
665 0.95929
666 0.95929
667 0.95930
668 0.95930
669 0.95930
670 0.95931
671 0.95931
672 0.95931
673 0.95931
674 0.95932
675 0.95932
676 0.95932
677 0.95933
678 0.95933
679 0.95933
680 0.95933
681 0.95934
682 0.95934
683 0.95934
684 0.95935
685 0.95935
686 0.95935
687 0.95935
688 0.95936
689 0.95936
690 0.95936
691 0.95937
692 0.95937
693 0.95937
694 0.95938
695 0.95938
696 0.95938
697 0.95938
698 0.95939
699 0.95939
700 0.95939
701 0.95940
702 0.95940
703 0.95940
704 0.95940
705 0.95941
706 0.95941
707 0.95941
708 0.95942
709 0.95942
710 0.95942
711 0.95942
712 0.95943
713 0.95943
714 0.95943
715 0.95944
716 0.95944
717 0.95944
718 0.95944
719 0.95945
720 0.95945
721 0.95945
722 0.95946
723 0.95946
724 0.95946
725 0.95947
726 0.95947
727 0.95947
728 0.95947
729 0.95948
730 0.95948
731 0.95948
732 0.95949
733 0.95949
734 0.95949
735 0.95949
736 0.95950
737 0.95950
738 0.95950
739 0.95951
740 0.95951
741 0.95951
742 0.95951
743 0.95952
744 0.95952
745 0.95952
746 0.95953
747 0.95953
748 0.95953
749 0.95954
750 0.95954
751 0.95954
752 0.95954
753 0.95955
754 0.95955
755 0.95955
756 0.95955
757 0.95956
758 0.95956
759 0.95956
760 0.95956
761 0.95957
762 0.95957
763 0.95957
764 0.95957
765 0.95958
766 0.95958
767 0.95958
768 0.95959
769 0.95959
770 0.95959
771 0.95959
772 0.95960
773 0.95960
774 0.95960
775 0.95960
776 0.95961
777 0.95961
778 0.95961
779 0.95961
780 0.95962
781 0.95962
782 0.95962
783 0.95962
784 0.95963
785 0.95963
786 0.95963
787 0.95963
788 0.95964
789 0.95964
790 0.95964
791 0.95964
792 0.95965
793 0.95965
794 0.95965
795 0.95965
796 0.95966
797 0.95966
798 0.95966
799 0.95966
800 0.95967
801 0.95967
802 0.95967
803 0.95967
804 0.95968
805 0.95968
806 0.95968
807 0.95968
808 0.95969
809 0.95969
810 0.95969
811 0.95969
812 0.95970
813 0.95970
814 0.95970
815 0.95970
816 0.95971
817 0.95971
818 0.95971
819 0.95971
820 0.95972
821 0.95972
822 0.95972
823 0.95972
824 0.95973
825 0.95973
826 0.95973
827 0.95973
828 0.95974
829 0.95974
830 0.95974
831 0.95974
832 0.95975
833 0.95975
834 0.95975
835 0.95975
836 0.95976
837 0.95976
838 0.95976
839 0.95976
840 0.95977
841 0.95977
842 0.95977
843 0.95977
844 0.95978
845 0.95978
846 0.95978
847 0.95978
848 0.95979
849 0.95979
850 0.95979
851 0.95979
852 0.95980
853 0.95980
854 0.95980
855 0.95980
856 0.95981
857 0.95981
858 0.95981
859 0.95981
860 0.95982
861 0.95982
862 0.95982
863 0.95982
864 0.95983
865 0.95983
866 0.95983
867 0.95983
868 0.95984
869 0.95984
870 0.95984
871 0.95984
872 0.95984
873 0.95984
874 0.95984
875 0.95984
876 0.95984
877 0.95984
878 0.95984
879 0.95984
880 0.95984
881 0.95984
882 0.95984
883 0.95984
884 0.95984
885 0.95984
886 0.95984
887 0.95984
888 0.95984
889 0.95984
890 0.95984
891 0.95984
892 0.95984
893 0.95984
894 0.95984
895 0.95984
896 0.95984
897 0.95984
898 0.95984
899 0.95984
900 0.95984
901 0.95984
902 0.95984
903 0.95984
904 0.95984
905 0.95984
906 0.95984
907 0.95984
908 0.95984
909 0.95984
910 0.95984
911 0.95984
912 0.95984
913 0.95984
914 0.95984
915 0.95984
916 0.95984
917 0.95984
918 0.95984
919 0.95984
920 0.95984
921 0.95984
922 0.95984
923 0.95984
924 0.95984
925 0.95984
926 0.95984
927 0.95984
928 0.95984
929 0.95984
930 0.95984
931 0.95984
932 0.95984
933 0.95984
934 0.95984
935 0.95984
936 0.95984
937 0.95984
938 0.95984
939 0.95984
940 0.95984
941 0.95984
942 0.95984
943 0.95984
944 0.95984
945 0.95984
946 0.95984
947 0.95984
948 0.95984
949 0.95984
950 0.95984
951 0.95984
952 0.95984
953 0.95984
954 0.95984
955 0.95984
956 0.95984
957 0.95984
958 0.95984
959 0.95984
960 0.95984
961 0.95984
962 0.95984
963 0.95984
964 0.95984
965 0.95984
966 0.95984
967 0.95984
968 0.95984
969 0.95984
970 0.95984
971 0.95984
972 0.95984
973 0.95984
974 0.95984
975 0.95984
976 0.95984
977 0.95984
978 0.95984
979 0.95984
980 0.95984
981 0.95984
982 0.95984
983 0.95984
984 0.95984
985 0.95984
986 0.95984
987 0.95984
988 0.95984
989 0.95984
990 0.95984
991 0.95984
992 0.95984
993 0.95984
994 0.95984
995 0.95984
996 0.95984
997 0.95984
998 0.95984
999 0.95984
1000 0.95984
1001 0.95984
1002 0.95984
1003 0.95984
1004 0.95984
1005 0.95984
1006 0.95984
1007 0.95984
1008 0.95984
1009 0.95984
1010 0.95984
1011 0.95984
1012 0.95984
1013 0.95984
1014 0.95984
1015 0.95984
1016 0.95984
1017 0.95984
1018 0.95984
1019 0.95984
1020 0.95984
1021 0.95984
1022 0.95984
1023 0.95984
1024 0.95984
1025 0.95984
1026 0.95984
1027 0.95984
1028 0.95984
1029 0.95984
1030 0.95984
1031 0.95984
1032 0.95984
1033 0.95984
1034 0.95984
1035 0.95984
1036 0.95984
1037 0.95984
1038 0.95984
1039 0.95984
1040 0.95984
1041 0.95984
1042 0.95984
1043 0.95984
1044 0.95984
1045 0.95984
1046 0.95984
1047 0.95984
1048 0.95984
1049 0.95984
1050 0.95984
1051 0.95984
1052 0.95984
1053 0.95984
1054 0.95984
1055 0.95984
1056 0.95984
1057 0.95984
1058 0.95984
1059 0.95984
1060 0.95984
1061 0.95984
1062 0.95984
1063 0.95984
1064 0.95984
1065 0.95984
1066 0.95984
1067 0.95984
1068 0.95984
1069 0.95984
1070 0.95984
1071 0.95984
1072 0.95984
1073 0.95984
1074 0.95984
1075 0.95984
1076 0.95984
1077 0.95984
1078 0.95984
1079 0.95984
1080 0.95984
1081 0.95984
1082 0.95984
1083 0.95984
1084 0.95984
1085 0.95984
1086 0.95984
1087 0.95984
1088 0.95984
1089 0.95984
1090 0.95984
1091 0.95984
1092 0.95984
1093 0.95984
1094 0.95984
1095 0.95984
1096 0.95984
1097 0.95984
1098 0.95984
1099 0.95984
1100 0.95984
1101 0.95984
1102 0.95984
1103 0.95984
1104 0.95984
1105 0.95984
1106 0.95984
1107 0.95984
1108 0.95984
1109 0.95984
1110 0.95984
1111 0.95984
1112 0.95984
1113 0.95984
1114 0.95984
1115 0.95984
1116 0.95984
1117 0.95984
1118 0.95984
1119 0.95984
1120 0.95984
1121 0.95984
1122 0.95984
1123 0.95984
1124 0.95984
1125 0.95984
1126 0.95984
1127 0.95984
1128 0.95984
1129 0.95984
1130 0.95984
1131 0.95984
1132 0.95984
1133 0.95984
1134 0.95984
1135 0.95984
1136 0.95984
1137 0.95984
1138 0.95984
1139 0.95984
1140 0.95984
1141 0.95984
1142 0.95984
1143 0.95984
1144 0.95984
1145 0.95984
1146 0.95984
1147 0.95984
1148 0.95984
1149 0.95984
1150 0.95984
