3.000000000000000000e+02 1.221324429999999933e-01
3.010000000000000000e+02 1.156107610000000063e-01
3.020000000000000000e+02 1.088983999999999924e-01
3.030000000000000000e+02 1.013370799999999960e-01
3.040000000000000000e+02 9.366609199999999247e-02
3.050000000000000000e+02 8.573176889999999106e-02
3.060000000000000000e+02 7.743173219999999191e-02
3.070000000000000000e+02 6.881805089999999681e-02
3.080000000000000000e+02 6.041365139999999717e-02
3.090000000000000000e+02 5.195976220000000229e-02
3.100000000000000000e+02 4.366078720000000218e-02
3.110000000000000000e+02 3.617285700000000270e-02
3.120000000000000000e+02 3.025952350000000318e-02
3.130000000000000000e+02 2.506983960000000108e-02
3.140000000000000000e+02 2.271360240000000127e-02
3.150000000000000000e+02 2.247781440000000061e-02
3.160000000000000000e+02 2.534095440000000074e-02
3.170000000000000000e+02 3.292038749999999514e-02
3.180000000000000000e+02 4.360028750000000120e-02
3.190000000000000000e+02 5.866758219999999857e-02
3.200000000000000000e+02 7.733047099999999785e-02
3.210000000000000000e+02 9.975423799999999508e-02
3.220000000000000000e+02 1.249392060000000110e-01
3.230000000000000000e+02 1.519718220000000064e-01
3.240000000000000000e+02 1.810549889999999995e-01
3.250000000000000000e+02 2.116426959999999913e-01
3.260000000000000000e+02 2.439157520000000134e-01
3.270000000000000000e+02 2.774597039999999737e-01
3.280000000000000000e+02 3.118833100000000247e-01
3.290000000000000000e+02 3.460373730000000370e-01
3.300000000000000000e+02 3.791226169999999951e-01
3.310000000000000000e+02 4.100357699999999661e-01
3.320000000000000000e+02 4.386176099999999911e-01
3.330000000000000000e+02 4.646186099999999874e-01
3.340000000000000000e+02 4.887443569999999626e-01
3.350000000000000000e+02 5.103755829999999660e-01
3.360000000000000000e+02 5.298687269999999838e-01
3.370000000000000000e+02 5.481282239999999417e-01
3.380000000000000000e+02 5.643870399999999510e-01
3.390000000000000000e+02 5.789795199999999697e-01
3.400000000000000000e+02 5.931712410000000713e-01
3.410000000000000000e+02 6.052317570000000924e-01
3.420000000000000000e+02 6.174719619999999853e-01
3.430000000000000000e+02 6.281753359999999731e-01
3.440000000000000000e+02 6.375492179999999731e-01
3.450000000000000000e+02 6.470480600000000360e-01
3.460000000000000000e+02 6.557773700000000261e-01
3.470000000000000000e+02 6.639382149999999427e-01
3.480000000000000000e+02 6.719471879999999731e-01
3.490000000000000000e+02 6.795885360000000208e-01
3.500000000000000000e+02 6.864782759999999984e-01
3.510000000000000000e+02 6.934206979999999465e-01
3.520000000000000000e+02 6.991739869999999968e-01
3.530000000000000000e+02 7.056789620000000207e-01
3.540000000000000000e+02 7.109952600000000178e-01
3.550000000000000000e+02 7.172310459999999832e-01
3.560000000000000000e+02 7.226186879999999535e-01
3.570000000000000000e+02 7.277926949999999895e-01
3.580000000000000000e+02 7.328435309999999925e-01
3.590000000000000000e+02 7.381546199999999835e-01
3.600000000000000000e+02 7.430704799999999777e-01
3.610000000000000000e+02 7.472060399999999047e-01
3.620000000000000000e+02 7.520453200000000171e-01
3.630000000000000000e+02 7.563846549999999613e-01
3.640000000000000000e+02 7.605977719999998943e-01
3.650000000000000000e+02 7.645238219999999085e-01
3.660000000000000000e+02 7.683806220000000131e-01
3.670000000000000000e+02 7.721217179999999569e-01
3.680000000000000000e+02 7.758275650000000523e-01
3.690000000000000000e+02 7.796944080000000055e-01
3.700000000000000000e+02 7.831080300000000660e-01
3.710000000000000000e+02 7.865357080000000556e-01
3.720000000000000000e+02 7.897857360000000160e-01
3.730000000000000000e+02 7.928043080000000131e-01
3.740000000000000000e+02 7.959439799999999954e-01
3.750000000000000000e+02 7.989242850000000118e-01
3.760000000000000000e+02 8.018660100000000179e-01
3.770000000000000000e+02 8.045342760000000482e-01
3.780000000000000000e+02 8.071869260000000823e-01
3.790000000000000000e+02 8.094826739999999576e-01
3.800000000000000000e+02 8.118625790000000286e-01
3.810000000000000000e+02 8.144479749999999907e-01
3.820000000000000000e+02 8.170430180000000098e-01
3.830000000000000000e+02 8.192502720000000016e-01
3.840000000000000000e+02 8.213535359999999397e-01
3.850000000000000000e+02 8.238041279999999134e-01
3.860000000000000000e+02 8.254912479999999553e-01
3.870000000000000000e+02 8.277201669999999512e-01
3.880000000000000000e+02 8.296973500000000001e-01
3.890000000000000000e+02 8.317335000000000145e-01
3.900000000000000000e+02 8.332195999999999492e-01
3.910000000000000000e+02 8.352843989999999552e-01
3.920000000000000000e+02 8.365100759999999358e-01
3.930000000000000000e+02 8.380928399999999501e-01
3.940000000000000000e+02 8.399652999999999148e-01
3.950000000000000000e+02 8.417509199999999581e-01
3.960000000000000000e+02 8.430732439999999439e-01
3.970000000000000000e+02 8.446085410000000460e-01
3.980000000000000000e+02 8.460757970000000183e-01
3.990000000000000000e+02 8.475140939999999956e-01
4.000000000000000000e+02 8.490113759999999843e-01
4.010000000000000000e+02 8.501602020000000870e-01
4.020000000000000000e+02 8.512317959999999850e-01
4.030000000000000000e+02 8.526909799999999873e-01
4.040000000000000000e+02 8.540330250000000012e-01
4.050000000000000000e+02 8.550178349999999483e-01
4.060000000000000000e+02 8.561975200000000452e-01
4.070000000000000000e+02 8.574914240000001131e-01
4.080000000000000000e+02 8.586791120000000221e-01
4.090000000000000000e+02 8.597047680000000636e-01
4.100000000000000000e+02 8.607477239999999918e-01
4.110000000000000000e+02 8.615782260000000026e-01
4.120000000000000000e+02 8.628650359999999742e-01
4.130000000000000000e+02 8.636087020000000614e-01
4.140000000000000000e+02 8.648668599999999040e-01
4.150000000000000000e+02 8.656685570000000052e-01
4.160000000000000000e+02 8.664605949999999446e-01
4.170000000000000000e+02 8.677577999999999125e-01
4.180000000000000000e+02 8.683180799999999921e-01
4.190000000000000000e+02 8.693999999999999506e-01
4.200000000000000000e+02 8.700889819999999553e-01
4.210000000000000000e+02 8.709101669999999018e-01
4.220000000000000000e+02 8.714898269999999947e-01
4.230000000000000000e+02 8.724979240000000358e-01
4.240000000000000000e+02 8.731549399999999350e-01
4.250000000000000000e+02 8.739665479999999542e-01
4.260000000000000000e+02 8.750909430000001210e-01
4.270000000000000000e+02 8.757576900000000331e-01
4.280000000000000000e+02 8.759606130000000546e-01
4.290000000000000000e+02 8.767760639999999661e-01
4.300000000000000000e+02 8.779454079999999827e-01
4.310000000000000000e+02 8.783706239999999887e-01
4.320000000000000000e+02 8.791090700000000480e-01
4.330000000000000000e+02 8.800659050000000372e-01
4.340000000000000000e+02 8.803751850000000045e-01
4.350000000000000000e+02 8.811718920000000121e-01
4.360000000000000000e+02 8.816938559999999425e-01
4.370000000000000000e+02 8.824188060000000000e-01
4.380000000000000000e+02 8.828194409999999825e-01
4.390000000000000000e+02 8.834671300000001004e-01
4.400000000000000000e+02 8.839742440000000201e-01
4.410000000000000000e+02 8.848443639999999943e-01
4.420000000000000000e+02 8.855791319999999356e-01
4.430000000000000000e+02 8.860478219999999849e-01
4.440000000000000000e+02 8.865312720000000368e-01
4.450000000000000000e+02 8.868213419999999569e-01
4.460000000000000000e+02 8.877253399999999184e-01
4.470000000000000000e+02 8.881508200000000075e-01
4.480000000000000000e+02 8.885762999999999856e-01
4.490000000000000000e+02 8.892581210000000125e-01
4.500000000000000000e+02 8.895289089999999232e-01
4.510000000000000000e+02 8.899737749999999670e-01
4.520000000000000000e+02 8.904430079999999803e-01
4.530000000000000000e+02 8.907331679999999086e-01
4.540000000000000000e+02 8.916133199999999315e-01
4.550000000000000000e+02 8.921311170000001400e-01
4.560000000000000000e+02 8.924213070000001080e-01
4.570000000000000000e+02 8.925760750000000243e-01
4.580000000000000000e+02 8.933165080000000646e-01
4.590000000000000000e+02 8.935583580000000525e-01
4.600000000000000000e+02 8.940807539999999776e-01
4.610000000000000000e+02 8.946762750000000208e-01
4.620000000000000000e+02 8.948987999999999943e-01
4.630000000000000000e+02 8.954115750000000151e-01
4.640000000000000000e+02 8.957169960000000986e-01
4.650000000000000000e+02 8.960750080000000617e-01
4.660000000000000000e+02 8.965491319999999709e-01
4.670000000000000000e+02 8.972804709999999684e-01
4.680000000000000000e+02 8.975998120000000524e-01
4.690000000000000000e+02 8.980409759999999908e-01
4.700000000000000000e+02 8.983313160000000464e-01
4.710000000000000000e+02 8.985829439999999391e-01
4.720000000000000000e+02 8.993436430000000259e-01
4.730000000000000000e+02 8.993823589999999646e-01
4.740000000000000000e+02 8.998082349999999563e-01
4.750000000000000000e+02 9.001179629999999099e-01
4.760000000000000000e+02 9.003792959999999956e-01
4.770000000000000000e+02 9.006696659999999799e-01
4.780000000000000000e+02 9.010724799999999535e-01
4.790000000000000000e+02 9.013628799999999774e-01
4.800000000000000000e+02 9.016242399999999657e-01
4.810000000000000000e+02 9.018855999999999540e-01
4.820000000000000000e+02 9.021953599999998907e-01
4.830000000000000000e+02 9.029600800000000538e-01
4.840000000000000000e+02 9.030181599999999031e-01
4.850000000000000000e+02 9.032953859999999224e-01
4.860000000000000000e+02 9.034986870000000225e-01
4.870000000000000000e+02 9.040311419999998988e-01
4.880000000000000000e+02 9.042247619999999042e-01
4.890000000000000000e+02 9.043602960000000079e-01
4.900000000000000000e+02 9.048249839999999988e-01
4.910000000000000000e+02 9.049701989999999752e-01
4.920000000000000000e+02 9.051120879999999813e-01
4.930000000000000000e+02 9.055284139999999482e-01
4.940000000000000000e+02 9.057414179999999648e-01
4.950000000000000000e+02 9.059156939999999381e-01
4.960000000000000000e+02 9.063707479999999483e-01
4.970000000000000000e+02 9.065934340000000313e-01
4.980000000000000000e+02 9.069807139999999102e-01
4.990000000000000000e+02 9.072002700000000308e-01
5.000000000000000000e+02 9.075198090000000661e-01
5.010000000000000000e+02 9.078974460000001079e-01
5.020000000000000000e+02 9.080620570000000891e-01
5.030000000000000000e+02 9.080039589999999716e-01
5.040000000000000000e+02 9.084396940000000198e-01
5.050000000000000000e+02 9.084881090000000992e-01
5.060000000000000000e+02 9.088724519999999973e-01
5.070000000000000000e+02 9.094631760000000398e-01
5.080000000000000000e+02 9.094147559999999908e-01
5.090000000000000000e+02 9.094438080000000202e-01
5.100000000000000000e+02 9.098311680000000790e-01
5.110000000000000000e+02 9.099764280000000038e-01
5.120000000000000000e+02 9.103056840000000038e-01
5.130000000000000000e+02 9.106252559999999940e-01
5.140000000000000000e+02 9.107192899999999591e-01
5.150000000000000000e+02 9.112616500000000341e-01
5.160000000000000000e+02 9.113391300000001083e-01
5.170000000000000000e+02 9.117555849999999795e-01
5.180000000000000000e+02 9.117555849999999795e-01
5.190000000000000000e+02 9.117168450000000535e-01
5.200000000000000000e+02 9.121042449999999802e-01
5.210000000000000000e+02 9.125471179999999904e-01
5.220000000000000000e+02 9.125568039999999437e-01
5.230000000000000000e+02 9.126439780000000779e-01
5.240000000000000000e+02 9.129539300000000246e-01
5.250000000000000000e+02 9.131670219999999949e-01
5.260000000000000000e+02 9.131089060000000535e-01
5.270000000000000000e+02 9.134091719999999359e-01
5.280000000000000000e+02 9.138328319999999838e-01
5.290000000000000000e+02 9.137456490000001041e-01
5.300000000000000000e+02 9.140750069999999949e-01
5.310000000000000000e+02 9.143074949999999701e-01
5.320000000000000000e+02 9.147046620000000017e-01
5.330000000000000000e+02 9.145302960000000203e-01
5.340000000000000000e+02 9.148015320000000283e-01
5.350000000000000000e+02 9.150219120000000483e-01
5.360000000000000000e+02 9.154772479999999657e-01
5.370000000000000000e+02 9.154094320000000229e-01
5.380000000000000000e+02 9.158938319999999633e-01
5.390000000000000000e+02 9.158453919999999249e-01
5.400000000000000000e+02 9.162716639999999302e-01
5.410000000000000000e+02 9.161069679999999105e-01
5.420000000000000000e+02 9.164534429999999787e-01
5.430000000000000000e+02 9.165018879999999868e-01
5.440000000000000000e+02 9.167925579999999242e-01
5.450000000000000000e+02 9.172188739999999063e-01
5.460000000000000000e+02 9.169863380000000674e-01
5.470000000000000000e+02 9.172188739999999063e-01
5.480000000000000000e+02 9.178583479999999906e-01
5.490000000000000000e+02 9.179433899999999147e-01
5.500000000000000000e+02 9.178561799999999105e-01
5.510000000000000000e+02 9.180402899999999811e-01
5.520000000000000000e+02 9.180015300000000655e-01
5.530000000000000000e+02 9.182631599999999672e-01
5.540000000000000000e+02 9.184957199999999045e-01
5.550000000000000000e+02 9.186410700000000595e-01
5.560000000000000000e+02 9.186410700000000595e-01
5.570000000000000000e+02 9.190556759999999326e-01
5.580000000000000000e+02 9.193948610000000077e-01
5.590000000000000000e+02 9.192107320000000303e-01
5.600000000000000000e+02 9.193464059999999494e-01
5.610000000000000000e+02 9.197728099999999962e-01
5.620000000000000000e+02 9.197340459999999718e-01
5.630000000000000000e+02 9.195692989999999511e-01
5.640000000000000000e+02 9.200809439999999562e-01
5.650000000000000000e+02 9.203329359999998793e-01
5.660000000000000000e+02 9.203038599999999736e-01
5.670000000000000000e+02 9.207787679999999142e-01
5.680000000000000000e+02 9.206236959999999359e-01
5.690000000000000000e+02 9.210986039999999875e-01
5.700000000000000000e+02 9.210016839999999316e-01
5.710000000000000000e+02 9.211742550000000529e-01
5.720000000000000000e+02 9.216782910000000939e-01
5.730000000000000000e+02 9.215135100000000357e-01
5.740000000000000000e+02 9.218333790000000638e-01
5.750000000000000000e+02 9.217655280000001117e-01
5.760000000000000000e+02 9.220078530000000994e-01
5.770000000000000000e+02 9.221823270000000239e-01
5.780000000000000000e+02 9.220545039999999970e-01
5.790000000000000000e+02 9.223259360000000129e-01
5.800000000000000000e+02 9.225585920000000106e-01
5.810000000000000000e+02 9.226458379999999959e-01
5.820000000000000000e+02 9.227815540000000594e-01
5.830000000000000000e+02 9.226458379999999959e-01
5.840000000000000000e+02 9.227815540000000594e-01
5.850000000000000000e+02 9.233227150000000716e-01
5.860000000000000000e+02 9.233227150000000716e-01
5.870000000000000000e+02 9.232063750000000235e-01
5.880000000000000000e+02 9.232548500000000713e-01
5.890000000000000000e+02 9.236717349999999938e-01
5.900000000000000000e+02 9.236135650000000252e-01
5.910000000000000000e+02 9.237105150000000098e-01
5.920000000000000000e+02 9.238947200000000581e-01
5.930000000000000000e+02 9.239512319999999557e-01
5.940000000000000000e+02 9.242421119999999490e-01
5.950000000000000000e+02 9.241160640000000148e-01
5.960000000000000000e+02 9.244845120000000360e-01
5.970000000000000000e+02 9.243875520000001123e-01
5.980000000000000000e+02 9.248432640000000537e-01
5.990000000000000000e+02 9.248432640000000537e-01
6.000000000000000000e+02 9.250841029999999909e-01
6.010000000000000000e+02 9.252004670000000264e-01
6.020000000000000000e+02 9.253653160000000488e-01
6.030000000000000000e+02 9.254234980000000110e-01
6.040000000000000000e+02 9.257338019999999945e-01
6.050000000000000000e+02 9.254816800000000843e-01
6.060000000000000000e+02 9.257338019999999945e-01
6.070000000000000000e+02 9.260814159999999351e-01
6.080000000000000000e+02 9.261299060000000027e-01
6.090000000000000000e+02 9.260814159999999351e-01
6.100000000000000000e+02 9.262850740000000416e-01
6.110000000000000000e+02 9.265372219999999936e-01
6.120000000000000000e+02 9.263820540000000658e-01
6.130000000000000000e+02 9.267214839999999842e-01
6.140000000000000000e+02 9.268170419999999243e-01
6.150000000000000000e+02 9.267685469999999981e-01
6.160000000000000000e+02 9.267685469999999981e-01
6.170000000000000000e+02 9.272340989999999783e-01
6.180000000000000000e+02 9.273116909999999935e-01
6.190000000000000000e+02 9.272534970000000376e-01
6.200000000000000000e+02 9.274571759999999943e-01
6.210000000000000000e+02 9.273989820000000384e-01
6.220000000000000000e+02 9.276414570000000026e-01
6.230000000000000000e+02 9.277772429999999737e-01
6.240000000000000000e+02 9.278257380000000110e-01
6.250000000000000000e+02 9.279130289999999448e-01
6.260000000000000000e+02 9.281942999999999167e-01
6.270000000000000000e+02 9.282136979999999760e-01
6.280000000000000000e+02 9.281458049999999904e-01
6.290000000000000000e+02 9.282815909999999615e-01
6.300000000000000000e+02 9.284367749999999919e-01
6.310000000000000000e+02 9.286210559999998893e-01
6.320000000000000000e+02 9.287471430000000527e-01
6.330000000000000000e+02 9.286404539999999486e-01
6.340000000000000000e+02 9.288344339999999866e-01
6.350000000000000000e+02 9.289799189999999873e-01
6.360000000000000000e+02 9.293484810000000040e-01
6.370000000000000000e+02 9.292029960000000033e-01
6.380000000000000000e+02 9.293484810000000040e-01
6.390000000000000000e+02 9.294066750000000710e-01
6.400000000000000000e+02 9.295230630000000938e-01
6.410000000000000000e+02 9.294745679999999455e-01
6.420000000000000000e+02 9.296394509999998945e-01
6.430000000000000000e+02 9.299013239999999181e-01
6.440000000000000000e+02 9.299110229999999477e-01
6.450000000000000000e+02 9.300856049999999264e-01
6.460000000000000000e+02 9.301922940000000306e-01
6.470000000000000000e+02 9.302116919999999789e-01
6.480000000000000000e+02 9.303086820000000534e-01
6.490000000000000000e+02 9.304056720000000169e-01
6.500000000000000000e+02 9.303862739999999576e-01
6.510000000000000000e+02 9.305511570000000177e-01
6.520000000000000000e+02 9.307160399999999667e-01
6.530000000000000000e+02 9.309585149999999310e-01
6.540000000000000000e+02 9.308227289999999599e-01
6.550000000000000000e+02 9.309003209999999751e-01
6.560000000000000000e+02 9.312785820000000214e-01
6.570000000000000000e+02 9.311136989999999614e-01
6.580000000000000000e+02 9.313367759999999773e-01
6.590000000000000000e+02 9.314822609999999781e-01
6.600000000000000000e+02 9.317441339999998906e-01
6.610000000000000000e+02 9.315889499999999712e-01
6.620000000000000000e+02 9.316568430000000678e-01
6.630000000000000000e+02 9.317926289999999279e-01
6.640000000000000000e+02 9.320060069999999142e-01
6.650000000000000000e+02 9.320738999999998997e-01
6.660000000000000000e+02 9.322193849999999005e-01
6.670000000000000000e+02 9.320642009999999811e-01
6.680000000000000000e+02 9.323551709999999826e-01
6.690000000000000000e+02 9.324812580000000350e-01
6.700000000000000000e+02 9.327916259999999848e-01
6.710000000000000000e+02 9.325782479999999985e-01
6.720000000000000000e+02 9.328304219999999924e-01
6.730000000000000000e+02 9.326655389999999324e-01
6.740000000000000000e+02 9.328983149999999780e-01
6.750000000000000000e+02 9.332862750000000540e-01
6.760000000000000000e+02 9.331019940000000457e-01
6.770000000000000000e+02 9.331116929999999643e-01
6.780000000000000000e+02 9.333347699999999803e-01
6.790000000000000000e+02 9.334123619999999955e-01
6.800000000000000000e+02 9.335093519999999589e-01
6.810000000000000000e+02 9.336839339999999376e-01
6.820000000000000000e+02 9.336160409999999521e-01
6.830000000000000000e+02 9.338391179999999681e-01
6.840000000000000000e+02 9.339846029999999688e-01
6.850000000000000000e+02 9.337324289999999749e-01
6.860000000000000000e+02 9.340718940000000137e-01
6.870000000000000000e+02 9.340233989999999764e-01
6.880000000000000000e+02 9.341882820000000365e-01
6.890000000000000000e+02 9.343725629999999338e-01
6.900000000000000000e+02 9.343531649999999855e-01
6.910000000000000000e+02 9.344016600000000228e-01
6.920000000000000000e+02 9.346150380000000091e-01
6.930000000000000000e+02 9.342755729999999703e-01
6.940000000000000000e+02 9.346732319999999650e-01
6.950000000000000000e+02 9.346053389999999794e-01
6.960000000000000000e+02 9.348090180000000471e-01
6.970000000000000000e+02 9.349448040000000182e-01
6.980000000000000000e+02 9.352648709999999976e-01
6.990000000000000000e+02 9.348769110000000326e-01
7.000000000000000000e+02 9.350611920000000410e-01
7.010000000000000000e+02 9.352066770000000417e-01
7.020000000000000000e+02 9.353521620000000425e-01
7.030000000000000000e+02 9.355364430000000509e-01
7.040000000000000000e+02 9.357983159999999634e-01
7.050000000000000000e+02 9.358080149999999930e-01
7.060000000000000000e+02 9.358565099999999193e-01
7.070000000000000000e+02 9.357692189999999854e-01
7.080000000000000000e+02 9.357498210000000372e-01
7.090000000000000000e+02 9.359147039999999862e-01
7.100000000000000000e+02 9.360795870000000463e-01
7.110000000000000000e+02 9.360601889999999869e-01
7.120000000000000000e+02 9.365742360000000044e-01
7.130000000000000000e+02 9.361377810000000022e-01
7.140000000000000000e+02 9.364966439999999892e-01
7.150000000000000000e+02 9.365742360000000044e-01
7.160000000000000000e+02 9.365548380000000561e-01
7.170000000000000000e+02 9.367100219999999755e-01
7.180000000000000000e+02 9.370494870000000143e-01
7.190000000000000000e+02 9.367488179999999831e-01
7.200000000000000000e+02 9.366615269999999382e-01
7.210000000000000000e+02 9.368652060000000059e-01
7.220000000000000000e+02 9.371464769999999778e-01
7.230000000000000000e+02 9.372240689999999930e-01
7.240000000000000000e+02 9.369233999999999618e-01
7.250000000000000000e+02 9.370106910000000067e-01
7.260000000000000000e+02 9.370882829999999108e-01
7.270000000000000000e+02 9.375053399999999648e-01
7.280000000000000000e+02 9.375150389999999945e-01
7.290000000000000000e+02 9.375247380000000241e-01
7.300000000000000000e+02 9.379611929999999154e-01
7.310000000000000000e+02 9.374374469999999793e-01
7.320000000000000000e+02 9.377090189999999215e-01
7.330000000000000000e+02 9.378545040000000332e-01
7.340000000000000000e+02 9.380290860000000119e-01
7.350000000000000000e+02 9.380096879999999526e-01
7.360000000000000000e+02 9.380775809999999382e-01
7.370000000000000000e+02 9.381454740000000347e-01
7.380000000000000000e+02 9.383006579999999541e-01
7.390000000000000000e+02 9.384655409999999032e-01
7.400000000000000000e+02 9.383879489999999990e-01
7.410000000000000000e+02 9.386789189999998895e-01
7.420000000000000000e+02 9.386595210000000522e-01
7.430000000000000000e+02 9.385140359999999404e-01
7.440000000000000000e+02 9.387662099999999343e-01
7.450000000000000000e+02 9.389795879999999206e-01
7.460000000000000000e+02 9.389019960000000165e-01
7.470000000000000000e+02 9.387759090000000750e-01
7.480000000000000000e+02 9.391638690000000400e-01
7.490000000000000000e+02 9.388341030000000309e-01
7.500000000000000000e+02 9.391735679999999586e-01
7.510000000000000000e+02 9.392802569999999518e-01
7.520000000000000000e+02 9.395324310000000567e-01
7.530000000000000000e+02 9.397555079999999617e-01
7.540000000000000000e+02 9.395712269999999533e-01
7.550000000000000000e+02 9.394742369999999898e-01
7.560000000000000000e+02 9.391832669999999883e-01
7.570000000000000000e+02 9.395712269999999533e-01
7.580000000000000000e+02 9.396779160000000575e-01
7.590000000000000000e+02 9.397943040000000803e-01
7.600000000000000000e+02 9.398912940000000438e-01
7.610000000000000000e+02 9.401628659999999860e-01
7.620000000000000000e+02 9.399203910000000217e-01
7.630000000000000000e+02 9.402986519999999571e-01
7.640000000000000000e+02 9.402307589999999715e-01
7.650000000000000000e+02 9.402501570000000308e-01
7.660000000000000000e+02 9.408126989999999745e-01
7.670000000000000000e+02 9.400561769999999928e-01
7.680000000000000000e+02 9.399882840000000073e-01
7.690000000000000000e+02 9.408805920000000711e-01
7.700000000000000000e+02 9.406090200000000179e-01
7.710000000000000000e+02 9.404926319999999951e-01
7.720000000000000000e+02 9.408126989999999745e-01
7.730000000000000000e+02 9.407739029999999669e-01
7.740000000000000000e+02 9.407157090000000110e-01
7.750000000000000000e+02 9.409290869999999973e-01
7.760000000000000000e+02 9.409387860000000270e-01
7.770000000000000000e+02 9.412006589999999395e-01
7.780000000000000000e+02 9.410842709999999167e-01
7.790000000000000000e+02 9.409484849999999456e-01
7.800000000000000000e+02 9.413170469999999623e-01
7.810000000000000000e+02 9.405799230000000399e-01
7.820000000000000000e+02 9.412976490000000140e-01
7.830000000000000000e+02 9.414819300000000224e-01
7.840000000000000000e+02 9.414916289999999410e-01
7.850000000000000000e+02 9.410648729999999684e-01
7.860000000000000000e+02 9.417728999999999129e-01
7.870000000000000000e+02 9.415692210000000673e-01
7.880000000000000000e+02 9.418892879999999357e-01
7.890000000000000000e+02 9.415304249999999486e-01
7.900000000000000000e+02 9.412103579999999692e-01
7.910000000000000000e+02 9.417244049999999866e-01
7.920000000000000000e+02 9.423063449999999897e-01
7.930000000000000000e+02 9.417825990000000536e-01
7.940000000000000000e+02 9.422578500000000634e-01
7.950000000000000000e+02 9.419183849999999136e-01
7.960000000000000000e+02 9.419377829999999729e-01
7.970000000000000000e+02 9.421317629999998999e-01
7.980000000000000000e+02 9.419377829999999729e-01
7.990000000000000000e+02 9.424227330000000125e-01
8.000000000000000000e+02 9.424615289999999090e-01
8.010000000000000000e+02 9.422190539999999448e-01
8.020000000000000000e+02 9.423936359999999235e-01
8.030000000000000000e+02 9.421220639999999813e-01
8.040000000000000000e+02 9.426070139999999098e-01
8.050000000000000000e+02 9.427912949999999181e-01
8.060000000000000000e+02 9.425876160000000725e-01
8.070000000000000000e+02 9.423742379999999752e-01
8.080000000000000000e+02 9.424033349999999531e-01
8.090000000000000000e+02 9.418213949999999501e-01
8.100000000000000000e+02 9.423257430000000490e-01
8.110000000000000000e+02 9.425682180000000132e-01
8.120000000000000000e+02 9.427815959999999995e-01
8.130000000000000000e+02 9.431404589999999866e-01
8.140000000000000000e+02 9.426846060000000360e-01
8.150000000000000000e+02 9.431016629999999790e-01
8.160000000000000000e+02 9.426264119999999691e-01
8.170000000000000000e+02 9.431210609999999273e-01
8.180000000000000000e+02 9.434702249999999957e-01
8.190000000000000000e+02 9.429755759999999265e-01
8.200000000000000000e+02 9.429464789999999486e-01
8.210000000000000000e+02 9.432471479999999797e-01
8.220000000000000000e+02 9.427524990000000216e-01
8.230000000000000000e+02 9.436254090000000261e-01
8.240000000000000000e+02 9.431307600000000679e-01
8.250000000000000000e+02 9.431792549999999942e-01
8.260000000000000000e+02 9.438290879999999827e-01
8.270000000000000000e+02 9.435284189999999516e-01
8.280000000000000000e+02 9.427524990000000216e-01
8.290000000000000000e+02 9.437320980000000192e-01
8.300000000000000000e+02 9.429270810000000003e-01
8.310000000000000000e+02 9.441879509999999698e-01
8.320000000000000000e+02 9.438387870000000124e-01
8.330000000000000000e+02 9.434799239999999143e-01
8.340000000000000000e+02 9.439939709999999318e-01
8.350000000000000000e+02 9.437223989999999896e-01
8.360000000000000000e+02 9.438484860000000420e-01
8.370000000000000000e+02 9.434993219999999736e-01
8.380000000000000000e+02 9.439939709999999318e-01
8.390000000000000000e+02 9.432956430000000170e-01
8.400000000000000000e+02 9.434314289999999881e-01
8.410000000000000000e+02 9.432471479999999797e-01
8.420000000000000000e+02 9.431113620000000086e-01
8.430000000000000000e+02 9.441006600000000359e-01
8.440000000000000000e+02 9.443819310000000078e-01
8.450000000000000000e+02 9.440812619999999766e-01
8.460000000000000000e+02 9.435381179999999812e-01
8.470000000000000000e+02 9.436060109999999668e-01
8.480000000000000000e+02 9.441006600000000359e-01
8.490000000000000000e+02 9.446147069999999424e-01
8.500000000000000000e+02 9.440036700000000724e-01
8.510000000000000000e+02 9.444498239999999933e-01
8.520000000000000000e+02 9.445080179999999492e-01
8.530000000000000000e+02 9.450511620000000557e-01
8.540000000000000000e+02 9.444013289999999561e-01
8.550000000000000000e+02 9.448377839999999583e-01
8.560000000000000000e+02 9.458561789999999636e-01
8.570000000000000000e+02 9.448086869999999804e-01
8.580000000000000000e+02 9.448474829999999880e-01
8.590000000000000000e+02 9.446341050000000017e-01
8.600000000000000000e+02 9.451966469999999454e-01
8.610000000000000000e+02 9.446729010000000093e-01
8.620000000000000000e+02 9.447892890000000321e-01
8.630000000000000000e+02 9.447116969999999059e-01
8.640000000000000000e+02 9.453906269999999834e-01
8.650000000000000000e+02 9.457203929999999925e-01
8.660000000000000000e+02 9.456040049999999697e-01
8.670000000000000000e+02 9.458755770000000229e-01
8.680000000000000000e+02 9.452548409999999013e-01
8.690000000000000000e+02 9.456815969999999849e-01
8.700000000000000000e+02 9.450123659999999370e-01
8.710000000000000000e+02 9.450705600000000040e-01
8.720000000000000000e+02 9.445856099999999644e-01
8.730000000000000000e+02 9.455458110000000138e-01
8.740000000000000000e+02 9.453324330000000275e-01
8.750000000000000000e+02 9.461083529999999575e-01
8.760000000000000000e+02 9.452354430000000640e-01
8.770000000000000000e+02 9.457300919999999111e-01
8.780000000000000000e+02 9.450123659999999370e-01
8.790000000000000000e+02 9.441006600000000359e-01
8.800000000000000000e+02 9.454003260000000131e-01
8.810000000000000000e+02 9.451772489999999971e-01
8.820000000000000000e+02 9.467193899999999385e-01
8.830000000000000000e+02 9.452548409999999013e-01
8.840000000000000000e+02 9.460016639999999644e-01
8.850000000000000000e+02 9.462344400000000100e-01
8.860000000000000000e+02 9.447213960000000466e-01
8.870000000000000000e+02 9.450608609999999743e-01
8.880000000000000000e+02 9.456525000000000070e-01
8.890000000000000000e+02 9.469521659999999841e-01
8.900000000000000000e+02 9.460016639999999644e-01
8.910000000000000000e+02 9.449153759999999735e-01
8.920000000000000000e+02 9.465351090000000411e-01
8.930000000000000000e+02 9.463702259999999811e-01
8.940000000000000000e+02 9.461471489999999651e-01
8.950000000000000000e+02 9.462732359999999066e-01
8.960000000000000000e+02 9.454973159999999766e-01
8.970000000000000000e+02 9.457882859999999781e-01
8.980000000000000000e+02 9.454391220000000207e-01
8.990000000000000000e+02 9.454003260000000131e-01
9.000000000000000000e+02 9.465739049999999377e-01
9.010000000000000000e+02 9.456428009999999773e-01
9.020000000000000000e+02 9.455555099999999324e-01
9.030000000000000000e+02 9.461665470000000244e-01
9.040000000000000000e+02 9.452742389999999606e-01
9.050000000000000000e+02 9.459725669999999864e-01
9.060000000000000000e+02 9.459337709999999788e-01
9.070000000000000000e+02 9.463799250000000107e-01
9.080000000000000000e+02 9.468454769999999909e-01
9.090000000000000000e+02 9.459919650000000457e-01
9.100000000000000000e+02 9.459628679999999568e-01
9.110000000000000000e+02 9.460016639999999644e-01
9.120000000000000000e+02 9.459143729999999195e-01
9.130000000000000000e+02 9.451578509999999378e-01
9.140000000000000000e+02 9.461471489999999651e-01
9.150000000000000000e+02 9.456428009999999773e-01
9.160000000000000000e+02 9.460307609999999423e-01
9.170000000000000000e+02 9.466514969999999529e-01
9.180000000000000000e+02 9.462732359999999066e-01
9.190000000000000000e+02 9.452936370000000199e-01
9.200000000000000000e+02 9.460501590000000016e-01
9.210000000000000000e+02 9.464963130000000335e-01
9.220000000000000000e+02 9.463896239999999294e-01
9.230000000000000000e+02 9.455361119999999842e-01
9.240000000000000000e+02 9.459531690000000381e-01
9.250000000000000000e+02 9.461762459999999431e-01
9.260000000000000000e+02 9.456137039999999994e-01
9.270000000000000000e+02 9.457979849999998967e-01
9.280000000000000000e+02 9.465351090000000411e-01
9.290000000000000000e+02 9.465351090000000411e-01
9.300000000000000000e+02 9.457979849999998967e-01
9.310000000000000000e+02 9.464187210000000183e-01
9.320000000000000000e+02 9.463314299999999735e-01
9.330000000000000000e+02 9.463314299999999735e-01
9.340000000000000000e+02 9.462344400000000100e-01
9.350000000000000000e+02 9.460113629999999940e-01
9.360000000000000000e+02 9.456815969999999849e-01
9.370000000000000000e+02 9.459143729999999195e-01
9.380000000000000000e+02 9.457688879999999187e-01
9.390000000000000000e+02 9.470782529999999255e-01
9.400000000000000000e+02 9.462732359999999066e-01
9.410000000000000000e+02 9.471073500000000145e-01
9.420000000000000000e+02 9.463605269999999514e-01
9.430000000000000000e+02 9.453421319999999461e-01
9.440000000000000000e+02 9.464187210000000183e-01
9.450000000000000000e+02 9.460210620000000237e-01
9.460000000000000000e+02 9.469715640000000434e-01
9.470000000000000000e+02 9.471364469999999924e-01
9.480000000000000000e+02 9.450026670000000184e-01
9.490000000000000000e+02 9.468551760000000206e-01
9.500000000000000000e+02 9.458173829999999560e-01
9.510000000000000000e+02 9.463896239999999294e-01
9.520000000000000000e+02 9.464672160000000556e-01
9.530000000000000000e+02 9.464381189999999666e-01
9.540000000000000000e+02 9.461277509999999058e-01
9.550000000000000000e+02 9.468745739999999689e-01
9.560000000000000000e+02 9.467484870000000274e-01
9.570000000000000000e+02 9.474274169999999939e-01
9.580000000000000000e+02 9.469424670000000654e-01
9.590000000000000000e+02 9.470588549999999772e-01
9.600000000000000000e+02 9.463217309999999438e-01
9.610000000000000000e+02 9.465060119999999522e-01
9.620000000000000000e+02 9.470685540000000069e-01
9.630000000000000000e+02 9.472237380000000373e-01
9.640000000000000000e+02 9.472528350000000152e-01
9.650000000000000000e+02 9.458949749999999712e-01
9.660000000000000000e+02 9.467872829999999240e-01
9.670000000000000000e+02 9.462732359999999066e-01
9.680000000000000000e+02 9.468842729999999985e-01
9.690000000000000000e+02 9.465545069999999894e-01
9.700000000000000000e+02 9.471946409999999483e-01
9.710000000000000000e+02 9.477086879999999658e-01
9.720000000000000000e+02 9.468648749999999392e-01
9.730000000000000000e+02 9.464478179999999963e-01
9.740000000000000000e+02 9.462053430000000320e-01
9.750000000000000000e+02 9.473013299999999415e-01
9.760000000000000000e+02 9.470976509999999848e-01
9.770000000000000000e+02 9.466127010000000563e-01
9.780000000000000000e+02 9.458076840000000374e-01
9.790000000000000000e+02 9.467969820000000647e-01
9.800000000000000000e+02 9.474565139999999719e-01
9.810000000000000000e+02 9.470976509999999848e-01
9.820000000000000000e+02 9.471849420000000297e-01
9.830000000000000000e+02 9.469230690000000061e-01
9.840000000000000000e+02 9.467872829999999240e-01
9.850000000000000000e+02 9.483294239999999764e-01
9.860000000000000000e+02 9.468454769999999909e-01
9.870000000000000000e+02 9.462150419999999507e-01
9.880000000000000000e+02 9.473207280000000008e-01
9.890000000000000000e+02 9.469715640000000434e-01
9.900000000000000000e+02 9.468163799999999020e-01
9.910000000000000000e+02 9.467484870000000274e-01
9.920000000000000000e+02 9.465545069999999894e-01
9.930000000000000000e+02 9.468454769999999909e-01
9.940000000000000000e+02 9.472916309999999118e-01
9.950000000000000000e+02 9.471558450000000517e-01
9.960000000000000000e+02 9.477183869999999954e-01
9.970000000000000000e+02 9.475147080000000388e-01
9.980000000000000000e+02 9.467775840000000054e-01
9.990000000000000000e+02 9.471364469999999924e-01
1.000000000000000000e+03 9.474662130000000015e-01
1.001000000000000000e+03 9.473110289999999711e-01
1.002000000000000000e+03 9.471364469999999924e-01
1.003000000000000000e+03 9.476795909999999878e-01
1.004000000000000000e+03 9.469327679999999248e-01
1.005000000000000000e+03 9.467290889999999681e-01
1.006000000000000000e+03 9.469715640000000434e-01
1.007000000000000000e+03 9.472625339999999339e-01
1.008000000000000000e+03 9.476310959999999506e-01
1.009000000000000000e+03 9.477571830000000030e-01
1.010000000000000000e+03 9.469133699999999765e-01
1.011000000000000000e+03 9.474759119999999202e-01
1.012000000000000000e+03 9.477280860000000251e-01
1.013000000000000000e+03 9.475050089999998981e-01
1.014000000000000000e+03 9.476310959999999506e-01
1.015000000000000000e+03 9.474371160000000236e-01
1.016000000000000000e+03 9.475922999999999430e-01
1.017000000000000000e+03 9.471849420000000297e-01
1.018000000000000000e+03 9.472722330000000746e-01
1.019000000000000000e+03 9.467775840000000054e-01
1.020000000000000000e+03 9.476019990000000837e-01
1.021000000000000000e+03 9.475341059999999871e-01
1.022000000000000000e+03 9.472625339999999339e-01
1.023000000000000000e+03 9.474759119999999202e-01
1.024000000000000000e+03 9.476116980000000023e-01
1.025000000000000000e+03 9.477474839999999734e-01
1.026000000000000000e+03 9.473304269999999194e-01
1.027000000000000000e+03 9.469230690000000061e-01
1.028000000000000000e+03 9.470297579999998883e-01
1.029000000000000000e+03 9.474080189999999346e-01
1.030000000000000000e+03 9.470685540000000069e-01
1.031000000000000000e+03 9.467290889999999681e-01
1.032000000000000000e+03 9.466999919999998792e-01
1.033000000000000000e+03 9.465448079999999598e-01
1.034000000000000000e+03 9.475244069999999574e-01
1.035000000000000000e+03 9.470103600000000510e-01
1.036000000000000000e+03 9.484555110000000289e-01
1.037000000000000000e+03 9.474565139999999719e-01
1.038000000000000000e+03 9.475535040000000464e-01
1.039000000000000000e+03 9.475535040000000464e-01
1.040000000000000000e+03 9.467484870000000274e-01
1.041000000000000000e+03 9.469812629999999620e-01
1.042000000000000000e+03 9.477765809999999513e-01
1.043000000000000000e+03 9.475438050000000167e-01
1.044000000000000000e+03 9.471267480000000738e-01
1.045000000000000000e+03 9.470976509999999848e-01
1.046000000000000000e+03 9.474468149999999422e-01
1.047000000000000000e+03 9.466999919999998792e-01
1.048000000000000000e+03 9.475922999999999430e-01
1.049000000000000000e+03 9.478347749999999072e-01
1.050000000000000000e+03 9.478541729999999665e-01
1.051000000000000000e+03 9.477959790000000107e-01
1.052000000000000000e+03 9.477086879999999658e-01
1.053000000000000000e+03 9.478250759999999886e-01
1.054000000000000000e+03 9.470588549999999772e-01
1.055000000000000000e+03 9.479414640000000114e-01
1.056000000000000000e+03 9.468842729999999985e-01
1.057000000000000000e+03 9.465739049999999377e-01
1.058000000000000000e+03 9.474856110000000609e-01
1.059000000000000000e+03 9.469909619999999917e-01
1.060000000000000000e+03 9.482421330000000426e-01
1.061000000000000000e+03 9.477086879999999658e-01
1.062000000000000000e+03 9.478444740000000479e-01
1.063000000000000000e+03 9.475438050000000167e-01
1.064000000000000000e+03 9.480578520000000342e-01
1.065000000000000000e+03 9.481257450000000198e-01
1.066000000000000000e+03 9.477959790000000107e-01
1.067000000000000000e+03 9.480772499999999825e-01
1.068000000000000000e+03 9.483003269999999985e-01
1.069000000000000000e+03 9.481160459999999901e-01
1.070000000000000000e+03 9.486397919999999262e-01
1.071000000000000000e+03 9.475147080000000388e-01
1.072000000000000000e+03 9.475729019999999947e-01
1.073000000000000000e+03 9.471946409999999483e-01
1.074000000000000000e+03 9.480966479999999308e-01
1.075000000000000000e+03 9.473886209999999863e-01
1.076000000000000000e+03 9.470685540000000069e-01
1.077000000000000000e+03 9.485428019999999627e-01
1.078000000000000000e+03 9.474565139999999719e-01
1.079000000000000000e+03 9.474080189999999346e-01
1.080000000000000000e+03 9.486300930000000076e-01
1.081000000000000000e+03 9.482809289999999391e-01
1.082000000000000000e+03 9.473498249999999787e-01
1.083000000000000000e+03 9.482906279999999688e-01
1.084000000000000000e+03 9.479220659999999521e-01
1.085000000000000000e+03 9.475632029999999650e-01
1.086000000000000000e+03 9.481645409999999163e-01
1.087000000000000000e+03 9.481645409999999163e-01
1.088000000000000000e+03 9.485137049999999848e-01
1.089000000000000000e+03 9.488434709999999939e-01
1.090000000000000000e+03 9.488143740000000159e-01
1.091000000000000000e+03 9.481839389999999756e-01
1.092000000000000000e+03 9.481063469999999604e-01
1.093000000000000000e+03 9.476601929999999285e-01
1.094000000000000000e+03 9.486494909999999559e-01
1.095000000000000000e+03 9.484943069999999254e-01
1.096000000000000000e+03 9.490859459999999581e-01
1.097000000000000000e+03 9.492508289999999072e-01
1.098000000000000000e+03 9.480772499999999825e-01
1.099000000000000000e+03 9.479996579999999673e-01
1.100000000000000000e+03 9.486979859999999931e-01
1.101000000000000000e+03 9.480675509999999528e-01
1.102000000000000000e+03 9.491635379999999733e-01
1.103000000000000000e+03 9.481839389999999756e-01
1.104000000000000000e+03 9.488531699999999125e-01
1.105000000000000000e+03 9.488628689999999422e-01
1.106000000000000000e+03 9.483585210000000654e-01
1.107000000000000000e+03 9.486009960000000296e-01
1.108000000000000000e+03 9.486397919999999262e-01
1.109000000000000000e+03 9.483876180000000433e-01
1.110000000000000000e+03 9.478638719999999962e-01
1.111000000000000000e+03 9.494933039999999824e-01
1.112000000000000000e+03 9.483682199999999840e-01
1.113000000000000000e+03 9.488434709999999939e-01
1.114000000000000000e+03 9.487367820000000007e-01
1.115000000000000000e+03 9.489695579999999353e-01
1.116000000000000000e+03 9.484749089999999772e-01
1.117000000000000000e+03 9.489210629999998980e-01
1.118000000000000000e+03 9.482130359999999536e-01
1.119000000000000000e+03 9.495417990000000197e-01
1.120000000000000000e+03 9.490374509999999209e-01
1.121000000000000000e+03 9.482906279999999688e-01
1.122000000000000000e+03 9.484361129999999696e-01
1.123000000000000000e+03 9.487173840000000524e-01
1.124000000000000000e+03 9.488143740000000159e-01
1.125000000000000000e+03 9.486009960000000296e-01
1.126000000000000000e+03 9.483391230000000061e-01
1.127000000000000000e+03 9.487367820000000007e-01
1.128000000000000000e+03 9.492314309999999589e-01
1.129000000000000000e+03 9.486688890000000152e-01
1.130000000000000000e+03 9.484943069999999254e-01
1.131000000000000000e+03 9.486203939999999779e-01
1.132000000000000000e+03 9.483391230000000061e-01
1.133000000000000000e+03 9.494933039999999824e-01
1.134000000000000000e+03 9.492120330000000106e-01
1.135000000000000000e+03 9.487464810000000304e-01
1.136000000000000000e+03 9.489695579999999353e-01
1.137000000000000000e+03 9.488628689999999422e-01
1.138000000000000000e+03 9.484070159999999916e-01
1.139000000000000000e+03 9.491732370000000030e-01
1.140000000000000000e+03 9.486882870000000745e-01
1.141000000000000000e+03 9.486397919999999262e-01
1.142000000000000000e+03 9.489404609999999574e-01
1.143000000000000000e+03 9.489986550000000243e-01
1.144000000000000000e+03 9.493381199999999520e-01
1.145000000000000000e+03 9.485331030000000441e-01
1.146000000000000000e+03 9.492314309999999589e-01
1.147000000000000000e+03 9.483876180000000433e-01
1.148000000000000000e+03 9.495708959999999976e-01
1.149000000000000000e+03 9.489598590000000167e-01
1.150000000000000000e+03 9.488143740000000159e-01
