3.000000000000000000e+02 8.651544480000000759e-01
3.010000000000000000e+02 8.652685920000000586e-01
3.020000000000000000e+02 8.653732240000000520e-01
3.030000000000000000e+02 8.654873680000000347e-01
3.040000000000000000e+02 8.656015120000000174e-01
3.050000000000000000e+02 8.658066690000000287e-01
3.060000000000000000e+02 8.659113120000000441e-01
3.070000000000000000e+02 8.660254680000000205e-01
3.080000000000000000e+02 8.661301110000000358e-01
3.090000000000000000e+02 8.662347539999999402e-01
3.100000000000000000e+02 8.664304660000000657e-01
3.110000000000000000e+02 8.665541479999999686e-01
3.120000000000000000e+02 8.666683160000000496e-01
3.130000000000000000e+02 8.667824840000000197e-01
3.140000000000000000e+02 8.668966519999999898e-01
3.150000000000000000e+02 8.670203340000000036e-01
3.160000000000000000e+02 8.672256449999999894e-01
3.170000000000000000e+02 8.673398249999999532e-01
3.180000000000000000e+02 8.674444900000000125e-01
3.190000000000000000e+02 8.675586700000000873e-01
3.200000000000000000e+02 8.676728500000000510e-01
3.210000000000000000e+02 8.678972640000000016e-01
3.220000000000000000e+02 8.680400039999999207e-01
3.230000000000000000e+02 8.681827440000000617e-01
3.240000000000000000e+02 8.683254839999999808e-01
3.250000000000000000e+02 8.684682240000000109e-01
3.260000000000000000e+02 8.686109640000000409e-01
3.270000000000000000e+02 8.688259639999998951e-01
3.280000000000000000e+02 8.689592019999999861e-01
3.290000000000000000e+02 8.690924399999999661e-01
3.300000000000000000e+02 8.692256780000000571e-01
3.310000000000000000e+02 8.693684329999999960e-01
3.320000000000000000e+02 8.696025520000000286e-01
3.330000000000000000e+02 8.697358040000000567e-01
3.340000000000000000e+02 8.698785740000000155e-01
3.350000000000000000e+02 8.700213439999999743e-01
3.360000000000000000e+02 8.701641139999999330e-01
3.370000000000000000e+02 8.702878479999999195e-01
3.380000000000000000e+02 8.705125499999999406e-01
3.390000000000000000e+02 8.706458160000000168e-01
3.400000000000000000e+02 8.707790819999999821e-01
3.410000000000000000e+02 8.708552339999999781e-01
3.420000000000000000e+02 8.709313859999999741e-01
3.430000000000000000e+02 8.711085599999999207e-01
3.440000000000000000e+02 8.711847199999999125e-01
3.450000000000000000e+02 8.712704000000000004e-01
3.460000000000000000e+02 8.713465599999999922e-01
3.470000000000000000e+02 8.714227199999998730e-01
3.480000000000000000e+02 8.715904239999999747e-01
3.490000000000000000e+02 8.716665919999999623e-01
3.500000000000000000e+02 8.717427599999999499e-01
3.510000000000000000e+02 8.718284490000000053e-01
3.520000000000000000e+02 8.719046169999998819e-01
3.530000000000000000e+02 8.719903059999999373e-01
3.540000000000000000e+02 8.721675900000001036e-01
3.550000000000000000e+02 8.722437660000000870e-01
3.560000000000000000e+02 8.723294640000001099e-01
3.570000000000000000e+02 8.724056400000000933e-01
3.580000000000000000e+02 8.724913380000001162e-01
3.590000000000000000e+02 8.726591510000000218e-01
3.600000000000000000e+02 8.727353350000000010e-01
3.610000000000000000e+02 8.728781800000000590e-01
3.620000000000000000e+02 8.730210250000000061e-01
3.630000000000000000e+02 8.731543470000000529e-01
3.640000000000000000e+02 8.732971919999999999e-01
3.650000000000000000e+02 8.735317559999999926e-01
3.660000000000000000e+02 8.736650919999999765e-01
3.670000000000000000e+02 8.737984280000000714e-01
3.680000000000000000e+02 8.739317640000000553e-01
3.690000000000000000e+02 8.740555760000000562e-01
3.700000000000000000e+02 8.742807000000000217e-01
3.710000000000000000e+02 8.744140499999999427e-01
3.720000000000000000e+02 8.745569250000000405e-01
3.730000000000000000e+02 8.746902749999999616e-01
3.740000000000000000e+02 8.748331500000000593e-01
3.750000000000000000e+02 8.749664999999999804e-01
3.760000000000000000e+02 8.751917240000000042e-01
3.770000000000000000e+02 8.753250880000000844e-01
3.780000000000000000e+02 8.754489260000000161e-01
3.790000000000000000e+02 8.755727639999999479e-01
3.800000000000000000e+02 8.757061280000000281e-01
3.810000000000000000e+02 8.757728099999999571e-01
3.820000000000000000e+02 8.759314339999999532e-01
3.830000000000000000e+02 8.759981230000000174e-01
3.840000000000000000e+02 8.760648120000000816e-01
3.850000000000000000e+02 8.761315009999999237e-01
3.860000000000000000e+02 8.761981899999999879e-01
3.870000000000000000e+02 8.763568559999999064e-01
3.880000000000000000e+02 8.764140240000000137e-01
3.890000000000000000e+02 8.764807199999999909e-01
3.900000000000000000e+02 8.765474159999999682e-01
3.910000000000000000e+02 8.766141119999999454e-01
3.920000000000000000e+02 8.767728189999999255e-01
3.930000000000000000e+02 8.768395219999999268e-01
3.940000000000000000e+02 8.769157539999999917e-01
3.950000000000000000e+02 8.769824569999999930e-01
3.960000000000000000e+02 8.770491599999999943e-01
3.970000000000000000e+02 8.771158629999999956e-01
3.980000000000000000e+02 8.772746200000000050e-01
3.990000000000000000e+02 8.773413300000000303e-01
4.000000000000000000e+02 8.773985099999999093e-01
4.010000000000000000e+02 8.774175699999999800e-01
4.020000000000000000e+02 8.774366299999999397e-01
4.030000000000000000e+02 8.774556900000000104e-01
4.040000000000000000e+02 8.775668249999999393e-01
4.050000000000000000e+02 8.775858869999999534e-01
4.060000000000000000e+02 8.776049489999999675e-01
4.070000000000000000e+02 8.776240109999999817e-01
4.080000000000000000e+02 8.776430729999999958e-01
4.090000000000000000e+02 8.777542200000000294e-01
4.100000000000000000e+02 8.777732839999999870e-01
4.110000000000000000e+02 8.778018800000001454e-01
4.120000000000000000e+02 8.778209439999999919e-01
4.130000000000000000e+02 8.778495400000000393e-01
4.140000000000000000e+02 8.778686039999999968e-01
4.150000000000000000e+02 8.779893000000000836e-01
4.160000000000000000e+02 8.780083659999999846e-01
4.170000000000000000e+02 8.780369650000000581e-01
4.180000000000000000e+02 8.780655640000000206e-01
4.190000000000000000e+02 8.780846300000000326e-01
4.200000000000000000e+02 8.782053419999999999e-01
4.210000000000000000e+02 8.782339439999999886e-01
4.220000000000000000e+02 8.782625459999999773e-01
4.230000000000000000e+02 8.783006819999999992e-01
4.240000000000000000e+02 8.783292839999999879e-01
4.250000000000000000e+02 8.783578860000000876e-01
4.260000000000000000e+02 8.784786199999999878e-01
4.270000000000000000e+02 8.785072250000000027e-01
4.280000000000000000e+02 8.785453650000000225e-01
4.290000000000000000e+02 8.785739700000000374e-01
4.300000000000000000e+02 8.786025750000000523e-01
4.310000000000000000e+02 8.787328640000000579e-01
4.320000000000000000e+02 8.787614719999999879e-01
4.330000000000000000e+02 8.787900800000000290e-01
4.340000000000000000e+02 8.788282240000000467e-01
4.350000000000000000e+02 8.788568319999999767e-01
4.360000000000000000e+02 8.788854400000000178e-01
4.370000000000000000e+02 8.789013089999999639e-01
4.380000000000000000e+02 8.788250130000000437e-01
4.390000000000000000e+02 8.787487169999999015e-01
4.400000000000000000e+02 8.786724209999999813e-01
4.410000000000000000e+02 8.785961249999999501e-01
4.420000000000000000e+02 8.786119460000000325e-01
4.430000000000000000e+02 8.785451800000000366e-01
4.440000000000000000e+02 8.784688759999998986e-01
4.450000000000000000e+02 8.783925719999999826e-01
4.460000000000000000e+02 8.783162679999999556e-01
4.470000000000000000e+02 8.782590399999999908e-01
4.480000000000000000e+02 8.782843470000000208e-01
4.490000000000000000e+02 8.782175740000000008e-01
4.500000000000000000e+02 8.781603399999999837e-01
4.510000000000000000e+02 8.780840279999999609e-01
4.520000000000000000e+02 8.779981769999999353e-01
4.530000000000000000e+02 8.780139000000000138e-01
4.540000000000000000e+02 8.779375799999999952e-01
4.550000000000000000e+02 8.778612599999998656e-01
4.560000000000000000e+02 8.777753999999999834e-01
4.570000000000000000e+02 8.777086199999999394e-01
4.580000000000000000e+02 8.776418400000000064e-01
4.590000000000000000e+02 8.776670489999999214e-01
4.600000000000000000e+02 8.776098030000000216e-01
4.610000000000000000e+02 8.775430159999999535e-01
4.620000000000000000e+02 8.774762289999999965e-01
4.630000000000000000e+02 8.774189829999998747e-01
4.640000000000000000e+02 8.774441520000000327e-01
4.650000000000000000e+02 8.773773580000000516e-01
4.660000000000000000e+02 8.773201059999999885e-01
4.670000000000000000e+02 8.772628540000000363e-01
4.680000000000000000e+02 8.772151440000001132e-01
4.690000000000000000e+02 8.771578920000000501e-01
4.700000000000000000e+02 8.772021030000000108e-01
4.710000000000000000e+02 8.771543880000000071e-01
4.720000000000000000e+02 8.771066730000000033e-01
4.730000000000000000e+02 8.770494150000001099e-01
4.740000000000000000e+02 8.770017000000001062e-01
4.750000000000000000e+02 8.770458800000000554e-01
4.760000000000000000e+02 8.769981600000000821e-01
4.770000000000000000e+02 8.769599840000000812e-01
4.780000000000000000e+02 8.769218079999999693e-01
4.790000000000000000e+02 8.769659650000000140e-01
4.800000000000000000e+02 8.769277850000000152e-01
4.810000000000000000e+02 8.768896050000000164e-01
4.820000000000000000e+02 8.768514250000000176e-01
4.830000000000000000e+02 8.768227899999999631e-01
4.840000000000000000e+02 8.768764679999999645e-01
4.850000000000000000e+02 8.768382840000000789e-01
4.860000000000000000e+02 8.768000999999999712e-01
4.870000000000000000e+02 8.767714620000000014e-01
4.880000000000000000e+02 8.768346679999999838e-01
4.890000000000000000e+02 8.768060269999999878e-01
4.900000000000000000e+02 8.767773859999999919e-01
4.910000000000000000e+02 8.766723690000000069e-01
4.920000000000000000e+02 8.765768990000000205e-01
4.930000000000000000e+02 8.765732360000000334e-01
4.940000000000000000e+02 8.764777559999998857e-01
4.950000000000000000e+02 8.763822759999999601e-01
4.960000000000000000e+02 8.762867959999999234e-01
4.970000000000000000e+02 8.761722199999999461e-01
4.980000000000000000e+02 8.761493969999999409e-01
4.990000000000000000e+02 8.760348089999999699e-01
5.000000000000000000e+02 8.759106719999999457e-01
5.010000000000000000e+02 8.757960839999999747e-01
5.020000000000000000e+02 8.757731999999999184e-01
5.030000000000000000e+02 8.756585999999999537e-01
5.040000000000000000e+02 8.755344499999999641e-01
5.050000000000000000e+02 8.754198499999999994e-01
5.060000000000000000e+02 8.753052499999999236e-01
5.070000000000000000e+02 8.752918439999999300e-01
5.080000000000000000e+02 8.751867829999999682e-01
5.090000000000000000e+02 8.750817220000000063e-01
5.100000000000000000e+02 8.749766609999999334e-01
5.110000000000000000e+02 8.749632000000000520e-01
5.120000000000000000e+02 8.748581280000000682e-01
5.130000000000000000e+02 8.747530560000000843e-01
5.140000000000000000e+02 8.746479839999999895e-01
5.150000000000000000e+02 8.745429120000001166e-01
5.160000000000000000e+02 8.745293849999999924e-01
5.170000000000000000e+02 8.744434079999999776e-01
5.180000000000000000e+02 8.743478780000000228e-01
5.190000000000000000e+02 8.742523479999999569e-01
5.200000000000000000e+02 8.742483239999999656e-01
5.210000000000000000e+02 8.741527840000000715e-01
5.220000000000000000e+02 8.740667979999999782e-01
5.230000000000000000e+02 8.739712579999999731e-01
5.240000000000000000e+02 8.738757179999999680e-01
5.250000000000000000e+02 8.738716349999999800e-01
5.260000000000000000e+02 8.737760850000000357e-01
5.270000000000000000e+02 8.736996450000000802e-01
5.280000000000000000e+02 8.736136500000000193e-01
5.290000000000000000e+02 8.736190759999999944e-01
5.300000000000000000e+02 8.735426280000000432e-01
5.310000000000000000e+02 8.734566240000000148e-01
5.320000000000000000e+02 8.733706200000000974e-01
5.330000000000000000e+02 8.732846159999999580e-01
5.340000000000000000e+02 8.732995460000000376e-01
5.350000000000000000e+02 8.732135330000000417e-01
5.360000000000000000e+02 8.731275199999999348e-01
5.370000000000000000e+02 8.730510639999999878e-01
5.380000000000000000e+02 8.730755099999999436e-01
5.390000000000000000e+02 8.729990460000000008e-01
5.400000000000000000e+02 8.729225820000000580e-01
5.410000000000000000e+02 8.728556760000000248e-01
5.420000000000000000e+02 8.727792119999999709e-01
5.430000000000000000e+02 8.727940539999999858e-01
5.440000000000000000e+02 8.727271409999999285e-01
5.450000000000000000e+02 8.726506689999999899e-01
5.460000000000000000e+02 8.725741970000000514e-01
5.470000000000000000e+02 8.726272399999999152e-01
5.480000000000000000e+02 8.725985600000000231e-01
5.490000000000000000e+02 8.725603199999999449e-01
5.500000000000000000e+02 8.725220799999999777e-01
5.510000000000000000e+02 8.724838400000000105e-01
5.520000000000000000e+02 8.725464210000000165e-01
5.530000000000000000e+02 8.725081769999999404e-01
5.540000000000000000e+02 8.724699329999998643e-01
5.550000000000000000e+02 8.724412499999999460e-01
5.560000000000000000e+02 8.724030059999999809e-01
5.570000000000000000e+02 8.724655660000000257e-01
5.580000000000000000e+02 8.724368800000000812e-01
5.590000000000000000e+02 8.724081940000000257e-01
5.600000000000000000e+02 8.723795080000000812e-01
5.610000000000000000e+02 8.724420529999999951e-01
5.620000000000000000e+02 8.724229270000001257e-01
5.630000000000000000e+02 8.723942380000000441e-01
5.640000000000000000e+02 8.723655490000000734e-01
5.650000000000000000e+02 8.723368599999999917e-01
5.660000000000000000e+02 8.723993880000000534e-01
5.670000000000000000e+02 8.723802600000000185e-01
5.680000000000000000e+02 8.723611319999999836e-01
5.690000000000000000e+02 8.723324400000000978e-01
5.700000000000000000e+02 8.724045200000000166e-01
5.710000000000000000e+02 8.723853900000000383e-01
5.720000000000000000e+02 8.723662599999999490e-01
5.730000000000000000e+02 8.723471300000000817e-01
5.740000000000000000e+02 8.723279999999999923e-01
5.750000000000000000e+02 8.724000680000000285e-01
5.760000000000000000e+02 8.723809359999999957e-01
5.770000000000000000e+02 8.722948419999999592e-01
5.780000000000000000e+02 8.722087480000000337e-01
5.790000000000000000e+02 8.722138229999999437e-01
5.800000000000000000e+02 8.721372870000000388e-01
5.810000000000000000e+02 8.719842150000000069e-01
5.820000000000000000e+02 8.718407099999999632e-01
5.830000000000000000e+02 8.716876379999999314e-01
5.840000000000000000e+02 8.716352319999999265e-01
5.850000000000000000e+02 8.714917119999999739e-01
5.860000000000000000e+02 8.713386240000000615e-01
5.870000000000000000e+02 8.712142399999999176e-01
5.880000000000000000e+02 8.711713290000000498e-01
5.890000000000000000e+02 8.710373630000000089e-01
5.900000000000000000e+02 8.709129659999998996e-01
5.910000000000000000e+02 8.707789999999999697e-01
5.920000000000000000e+02 8.706450339999999288e-01
5.930000000000000000e+02 8.706020399999999659e-01
5.940000000000000000e+02 8.704680599999999879e-01
5.950000000000000000e+02 8.703436499999999132e-01
5.960000000000000000e+02 8.702096699999999352e-01
5.970000000000000000e+02 8.701857490000000084e-01
5.980000000000000000e+02 8.700708969999999542e-01
5.990000000000000000e+02 8.699464739999999141e-01
6.000000000000000000e+02 8.698316219999999710e-01
6.010000000000000000e+02 8.697167699999999169e-01
6.020000000000000000e+02 8.696927760000000562e-01
6.030000000000000000e+02 8.695683400000000507e-01
6.040000000000000000e+02 8.694534760000000029e-01
6.050000000000000000e+02 8.693386119999999551e-01
6.060000000000000000e+02 8.692237480000000183e-01
6.070000000000000000e+02 8.692092540000000422e-01
6.080000000000000000e+02 8.691039510000000412e-01
6.090000000000000000e+02 8.689986480000000402e-01
6.100000000000000000e+02 8.688933450000000391e-01
6.110000000000000000e+02 8.688883699999999655e-01
6.120000000000000000e+02 8.687830560000000535e-01
6.130000000000000000e+02 8.686777420000000305e-01
6.140000000000000000e+02 8.685724280000000075e-01
6.150000000000000000e+02 8.684671139999999845e-01
6.160000000000000000e+02 8.684525000000000716e-01
6.170000000000000000e+02 8.683663249999999945e-01
6.180000000000000000e+02 8.682705750000000444e-01
6.190000000000000000e+02 8.681843999999999673e-01
6.200000000000000000e+02 8.680886500000000172e-01
6.210000000000000000e+02 8.679928999999999562e-01
6.220000000000000000e+02 8.679067249999999900e-01
6.230000000000000000e+02 8.678109750000000400e-01
6.240000000000000000e+02 8.677248000000000738e-01
6.250000000000000000e+02 8.676290500000000128e-01
6.260000000000000000e+02 8.675428750000000466e-01
6.270000000000000000e+02 8.674566999999999695e-01
6.280000000000000000e+02 8.673800999999999872e-01
6.290000000000000000e+02 8.672939250000000211e-01
6.300000000000000000e+02 8.672173250000000388e-01
6.310000000000000000e+02 8.671503000000000405e-01
6.320000000000000000e+02 8.670737000000000583e-01
6.330000000000000000e+02 8.670066750000000599e-01
6.340000000000000000e+02 8.669396500000000616e-01
6.350000000000000000e+02 8.668630500000000794e-01
6.360000000000000000e+02 8.667960250000000810e-01
6.370000000000000000e+02 8.667289999999999717e-01
6.380000000000000000e+02 8.666619749999999733e-01
6.390000000000000000e+02 8.665853749999999911e-01
6.400000000000000000e+02 8.664513249999999944e-01
6.410000000000000000e+02 8.663747250000000122e-01
6.420000000000000000e+02 8.663077000000000139e-01
6.430000000000000000e+02 8.662406750000000155e-01
6.440000000000000000e+02 8.661640750000000333e-01
6.450000000000000000e+02 8.660970500000000349e-01
6.460000000000000000e+02 8.660300250000000366e-01
6.470000000000000000e+02 8.659630000000000383e-01
6.480000000000000000e+02 8.659055500000000238e-01
6.490000000000000000e+02 8.658385250000000255e-01
6.500000000000000000e+02 8.657810750000000111e-01
6.510000000000000000e+02 8.652640249999999922e-01
6.520000000000000000e+02 8.649384749999999844e-01
6.530000000000000000e+02 8.644118500000000926e-01
6.540000000000000000e+02 8.638852249999999788e-01
6.550000000000000000e+02 8.635596749999999711e-01
6.560000000000000000e+02 8.630330500000000793e-01
6.570000000000000000e+02 8.627075000000000715e-01
6.580000000000000000e+02 8.621713000000000848e-01
6.590000000000000000e+02 8.621713000000000848e-01
6.600000000000000000e+02 8.621713000000000848e-01
6.610000000000000000e+02 8.616542500000000659e-01
6.620000000000000000e+02 8.613287000000000582e-01
6.630000000000000000e+02 8.608020749999999444e-01
6.640000000000000000e+02 8.602850250000000365e-01
6.650000000000000000e+02 8.599499000000000448e-01
6.660000000000000000e+02 8.594232750000000420e-01
6.670000000000000000e+02 8.590977250000000343e-01
6.680000000000000000e+02 8.585615249999999365e-01
6.690000000000000000e+02 8.585615249999999365e-01
6.700000000000000000e+02 8.585615249999999365e-01
6.710000000000000000e+02 8.580540500000000126e-01
6.720000000000000000e+02 8.577285000000000048e-01
6.730000000000000000e+02 8.572018750000000020e-01
6.740000000000000000e+02 8.566752500000001103e-01
6.750000000000000000e+02 8.563497000000001025e-01
6.760000000000000000e+02 8.558230749999999887e-01
6.770000000000000000e+02 8.556124250000000098e-01
6.780000000000000000e+02 8.553922000000000470e-01
6.790000000000000000e+02 8.551815500000000680e-01
6.800000000000000000e+02 8.549613249999999942e-01
6.810000000000000000e+02 8.544442749999999753e-01
6.820000000000000000e+02 8.541283000000000625e-01
6.830000000000000000e+02 8.536016750000000597e-01
6.840000000000000000e+02 8.530750499999999459e-01
6.850000000000000000e+02 8.527494999999999381e-01
6.860000000000000000e+02 8.522228750000000463e-01
6.870000000000000000e+02 8.520122250000000674e-01
6.880000000000000000e+02 8.518015749999999775e-01
6.890000000000000000e+02 8.515813500000000147e-01
6.900000000000000000e+02 8.513706999999999248e-01
6.910000000000000000e+02 8.508536500000000169e-01
6.920000000000000000e+02 8.505281000000000091e-01
6.930000000000000000e+02 8.500110499999999902e-01
6.940000000000000000e+02 8.497429499999999969e-01
6.950000000000000000e+02 8.494844250000000985e-01
6.960000000000000000e+02 8.491588750000000907e-01
6.970000000000000000e+02 8.486322499999999769e-01
6.980000000000000000e+02 8.483066999999999691e-01
6.990000000000000000e+02 8.480386000000000868e-01
7.000000000000000000e+02 8.477800750000000773e-01
7.010000000000000000e+02 8.475406999999999247e-01
7.020000000000000000e+02 8.473109000000000890e-01
7.030000000000000000e+02 8.470715249999999363e-01
7.040000000000000000e+02 8.468417250000001006e-01
7.050000000000000000e+02 8.466023499999999480e-01
7.060000000000000000e+02 8.463725500000000013e-01
7.070000000000000000e+02 8.461523250000000385e-01
7.080000000000000000e+02 8.459321000000000756e-01
7.090000000000000000e+02 8.457214500000000967e-01
7.100000000000000000e+02 8.455012250000000229e-01
7.110000000000000000e+02 8.452714249999999652e-01
7.120000000000000000e+02 8.450512000000000024e-01
7.130000000000000000e+02 8.448214000000000556e-01
7.140000000000000000e+02 8.445915999999999979e-01
7.150000000000000000e+02 8.443617999999999402e-01
7.160000000000000000e+02 8.441320000000001045e-01
7.170000000000000000e+02 8.439213500000000145e-01
7.180000000000000000e+02 8.437107000000000356e-01
7.190000000000000000e+02 8.435000499999999457e-01
7.200000000000000000e+02 8.432893999999999668e-01
7.210000000000000000e+02 8.430691750000000040e-01
7.220000000000000000e+02 8.428489500000000412e-01
7.230000000000000000e+02 8.426287249999999673e-01
7.240000000000000000e+02 8.424085000000000045e-01
7.250000000000000000e+02 8.421787000000000578e-01
7.260000000000000000e+02 8.419584749999999840e-01
7.270000000000000000e+02 8.417573999999999890e-01
7.280000000000000000e+02 8.415467500000000101e-01
7.290000000000000000e+02 8.413456750000000151e-01
7.300000000000000000e+02 8.411446000000000200e-01
7.310000000000000000e+02 8.409243749999999462e-01
7.320000000000000000e+02 8.407137249999999673e-01
7.330000000000000000e+02 8.404935000000000045e-01
7.340000000000000000e+02 8.402732749999999307e-01
7.350000000000000000e+02 8.400626249999999517e-01
7.360000000000000000e+02 8.398423999999999889e-01
7.370000000000000000e+02 8.396509000000000889e-01
7.380000000000000000e+02 8.394498249999999828e-01
7.390000000000000000e+02 8.392487499999999878e-01
7.400000000000000000e+02 8.390476749999999928e-01
7.410000000000000000e+02 8.388370250000000139e-01
7.420000000000000000e+02 8.386263750000000350e-01
7.430000000000000000e+02 8.384157250000000561e-01
7.440000000000000000e+02 8.382050750000000772e-01
7.450000000000000000e+02 8.380039999999999711e-01
7.460000000000000000e+02 8.377933499999999922e-01
7.470000000000000000e+02 8.375922750000001082e-01
7.480000000000000000e+02 8.374007749999999861e-01
7.490000000000000000e+02 8.372092749999999750e-01
7.500000000000000000e+02 8.370177749999999639e-01
7.510000000000000000e+02 8.367592500000000655e-01
7.520000000000000000e+02 8.365103000000000399e-01
7.530000000000000000e+02 8.362613500000000144e-01
7.540000000000000000e+02 8.360028250000001160e-01
7.550000000000000000e+02 8.357538749999999794e-01
7.560000000000000000e+02 8.354953500000000810e-01
7.570000000000000000e+02 8.352655500000000233e-01
7.580000000000000000e+02 8.350261750000000927e-01
7.590000000000000000e+02 8.347867999999999400e-01
7.600000000000000000e+02 8.345570000000001043e-01
7.610000000000000000e+02 8.342984750000000949e-01
7.620000000000000000e+02 8.340495250000000693e-01
7.630000000000000000e+02 8.338005750000000438e-01
7.640000000000000000e+02 8.335516250000000182e-01
7.650000000000000000e+02 8.332931000000001198e-01
7.660000000000000000e+02 8.330441499999999833e-01
7.670000000000000000e+02 8.328047750000000526e-01
7.680000000000000000e+02 8.325749749999999949e-01
7.690000000000000000e+02 8.323356000000000643e-01
7.700000000000000000e+02 8.321058000000000066e-01
7.710000000000000000e+02 8.318568499999999810e-01
7.720000000000000000e+02 8.315983249999999716e-01
7.730000000000000000e+02 8.313493749999999460e-01
7.740000000000000000e+02 8.311004250000000315e-01
7.750000000000000000e+02 8.308514750000000060e-01
7.760000000000000000e+02 8.306025249999999804e-01
7.770000000000000000e+02 8.303631500000000498e-01
7.780000000000000000e+02 8.301333499999999921e-01
7.790000000000000000e+02 8.298939750000000615e-01
7.800000000000000000e+02 8.296641750000000037e-01
7.810000000000000000e+02 8.294152250000000892e-01
7.820000000000000000e+02 8.291566999999999688e-01
7.830000000000000000e+02 8.289077500000000542e-01
7.840000000000000000e+02 8.286588000000000287e-01
7.850000000000000000e+02 8.284098500000000032e-01
7.860000000000000000e+02 8.281609000000000886e-01
7.870000000000000000e+02 8.279311000000000309e-01
7.880000000000000000e+02 8.276917250000001003e-01
7.890000000000000000e+02 8.274619250000000426e-01
7.900000000000000000e+02 8.272321249999999848e-01
7.910000000000000000e+02 8.269831749999999593e-01
7.920000000000000000e+02 8.267342250000000448e-01
7.930000000000000000e+02 8.264852750000000192e-01
7.940000000000000000e+02 8.262363249999999937e-01
7.950000000000000000e+02 8.259873750000000792e-01
7.960000000000000000e+02 8.257384250000000536e-01
7.970000000000000000e+02 8.255086249999999959e-01
7.980000000000000000e+02 8.252692500000000653e-01
7.990000000000000000e+02 8.250394500000000075e-01
8.000000000000000000e+02 8.248096499999999498e-01
8.010000000000000000e+02 8.247809249999999981e-01
8.020000000000000000e+02 8.247522000000000464e-01
8.030000000000000000e+02 8.247234750000000947e-01
8.040000000000000000e+02 8.246947499999999209e-01
8.050000000000000000e+02 8.246660249999999692e-01
8.060000000000000000e+02 8.246468750000000014e-01
8.070000000000000000e+02 8.246181500000000497e-01
8.080000000000000000e+02 8.245894249999999870e-01
8.090000000000000000e+02 8.245702750000000192e-01
8.100000000000000000e+02 8.245415500000000675e-01
8.110000000000000000e+02 8.245128250000000047e-01
8.120000000000000000e+02 8.244840999999999420e-01
8.130000000000000000e+02 8.244649500000000852e-01
8.140000000000000000e+02 8.244362250000000225e-01
8.150000000000000000e+02 8.244074999999999598e-01
8.160000000000000000e+02 8.243787750000000081e-01
8.170000000000000000e+02 8.243596250000000403e-01
8.180000000000000000e+02 8.243309000000000886e-01
8.190000000000000000e+02 8.243117500000000097e-01
8.200000000000000000e+02 8.242830250000000580e-01
8.210000000000000000e+02 8.242543000000001063e-01
8.220000000000000000e+02 8.242351500000000275e-01
8.230000000000000000e+02 8.242064250000000758e-01
8.240000000000000000e+02 8.241777000000000131e-01
8.250000000000000000e+02 8.241585499999999342e-01
8.260000000000000000e+02 8.241298249999999825e-01
8.270000000000000000e+02 8.241011000000000308e-01
8.280000000000000000e+02 8.240819499999999520e-01
8.290000000000000000e+02 8.240532250000000003e-01
8.300000000000000000e+02 8.240340750000000325e-01
8.310000000000000000e+02 8.240053500000000808e-01
8.320000000000000000e+02 8.239766250000000181e-01
8.330000000000000000e+02 8.239574750000000503e-01
8.340000000000000000e+02 8.239287500000000986e-01
8.350000000000000000e+02 8.239096000000000197e-01
8.360000000000000000e+02 8.238808750000000680e-01
8.370000000000000000e+02 8.238521500000000053e-01
8.380000000000000000e+02 8.238330000000000375e-01
8.390000000000000000e+02 8.238138500000000697e-01
8.400000000000000000e+02 8.237851250000000070e-01
8.410000000000000000e+02 8.237563999999999442e-01
8.420000000000000000e+02 8.237372499999999764e-01
8.430000000000000000e+02 8.237085250000000247e-01
8.440000000000000000e+02 8.236893749999999459e-01
8.450000000000000000e+02 8.236606499999999942e-01
8.460000000000000000e+02 8.236415000000000264e-01
8.470000000000000000e+02 8.236127749999999637e-01
8.480000000000000000e+02 8.235936249999999959e-01
8.490000000000000000e+02 8.235649000000000441e-01
8.500000000000000000e+02 8.235457499999999653e-01
8.510000000000000000e+02 8.240245000000000486e-01
8.520000000000000000e+02 8.245128250000000047e-01
8.530000000000000000e+02 8.249915749999999770e-01
8.540000000000000000e+02 8.254703250000000603e-01
8.550000000000000000e+02 8.259490750000000325e-01
8.560000000000000000e+02 8.264373999999999887e-01
8.570000000000000000e+02 8.268778500000000253e-01
8.580000000000000000e+02 8.273183000000000620e-01
8.590000000000000000e+02 8.277683249999999715e-01
8.600000000000000000e+02 8.282087750000000081e-01
8.610000000000000000e+02 8.286683750000000126e-01
8.620000000000000000e+02 8.291375500000001120e-01
8.630000000000000000e+02 8.296067250000001003e-01
8.640000000000000000e+02 8.300663249999999938e-01
8.650000000000000000e+02 8.305354999999999821e-01
8.660000000000000000e+02 8.309950999999999866e-01
8.670000000000000000e+02 8.314259750000000393e-01
8.680000000000000000e+02 8.318472750000001081e-01
8.690000000000000000e+02 8.322781500000000499e-01
8.700000000000000000e+02 8.327090250000001026e-01
8.710000000000000000e+02 8.331590500000000121e-01
8.720000000000000000e+02 8.336090750000000327e-01
8.730000000000000000e+02 8.340495250000000693e-01
8.740000000000000000e+02 8.344995499999999788e-01
8.750000000000000000e+02 8.349495749999999994e-01
8.760000000000000000e+02 8.353996000000000199e-01
8.770000000000000000e+02 8.358113249999999939e-01
8.780000000000000000e+02 8.362230499999999678e-01
8.790000000000000000e+02 8.366347750000000527e-01
8.800000000000000000e+02 8.370465000000000266e-01
8.810000000000000000e+02 8.374773750000000794e-01
8.820000000000000000e+02 8.379178250000001160e-01
8.830000000000000000e+02 8.383487000000000577e-01
8.840000000000000000e+02 8.387795749999999995e-01
8.850000000000000000e+02 8.392104500000000522e-01
8.860000000000000000e+02 8.396413249999999939e-01
8.870000000000000000e+02 8.400434750000000950e-01
8.880000000000000000e+02 8.404456250000000850e-01
8.890000000000000000e+02 8.408382000000000911e-01
8.900000000000000000e+02 8.412403500000000811e-01
8.910000000000000000e+02 8.416520749999999440e-01
8.920000000000000000e+02 8.420733750000000128e-01
8.930000000000000000e+02 8.424946749999999707e-01
8.940000000000000000e+02 8.429064000000000556e-01
8.950000000000000000e+02 8.433277000000000134e-01
8.960000000000000000e+02 8.437394250000000984e-01
8.970000000000000000e+02 8.441320000000001045e-01
8.980000000000000000e+02 8.445150000000000157e-01
8.990000000000000000e+02 8.448979999999999269e-01
9.000000000000000000e+02 8.452810000000000601e-01
9.010000000000000000e+02 8.458172000000000468e-01
9.020000000000000000e+02 8.461523250000000385e-01
9.030000000000000000e+02 8.466981000000000090e-01
9.040000000000000000e+02 8.472342999999999957e-01
9.050000000000000000e+02 8.475694250000000984e-01
9.060000000000000000e+02 8.489769500000000635e-01
9.070000000000000000e+02 8.498387000000000580e-01
9.080000000000000000e+02 8.503653249999999497e-01
9.090000000000000000e+02 8.509015249999999364e-01
9.100000000000000000e+02 8.512270749999999442e-01
9.110000000000000000e+02 8.517441249999999631e-01
9.120000000000000000e+02 8.520600999999999869e-01
9.130000000000000000e+02 8.525675750000000219e-01
9.140000000000000000e+02 8.530846250000000408e-01
9.150000000000000000e+02 8.534005999999999537e-01
9.160000000000000000e+02 8.539080749999999886e-01
9.170000000000000000e+02 8.542336249999999964e-01
9.180000000000000000e+02 8.547411000000000314e-01
9.190000000000000000e+02 8.552485749999999554e-01
9.200000000000000000e+02 8.568859000000000892e-01
9.210000000000000000e+02 8.573646500000000614e-01
9.220000000000000000e+02 8.576710499999999904e-01
9.230000000000000000e+02 8.581593750000000576e-01
9.240000000000000000e+02 8.586477000000000137e-01
9.250000000000000000e+02 8.589541000000000537e-01
9.260000000000000000e+02 8.594328500000000259e-01
9.270000000000000000e+02 8.606967500000000104e-01
9.280000000000000000e+02 8.609935749999999555e-01
9.290000000000000000e+02 8.614819000000000226e-01
9.300000000000000000e+02 8.622574750000000510e-01
9.310000000000000000e+02 8.627170749999999444e-01
9.320000000000000000e+02 8.630043250000000166e-01
9.330000000000000000e+02 8.634735000000000049e-01
9.340000000000000000e+02 8.639331000000000094e-01
9.350000000000000000e+02 8.642203500000000815e-01
9.360000000000000000e+02 8.658864000000000560e-01
9.370000000000000000e+02 8.661640750000000333e-01
9.380000000000000000e+02 8.666236749999999267e-01
9.390000000000000000e+02 8.670832750000000422e-01
9.400000000000000000e+02 8.673609500000000194e-01
9.410000000000000000e+02 8.678014000000000561e-01
9.420000000000000000e+02 8.680790750000000333e-01
9.430000000000000000e+02 8.685195250000000700e-01
9.440000000000000000e+02 8.692376499999999728e-01
9.450000000000000000e+02 8.699462000000000028e-01
9.460000000000000000e+02 8.699462000000000028e-01
9.470000000000000000e+02 8.703866500000000395e-01
9.480000000000000000e+02 8.710856249999999745e-01
9.490000000000000000e+02 8.715165000000000273e-01
9.500000000000000000e+02 8.722250499999999462e-01
9.510000000000000000e+02 8.723399499999999751e-01
9.520000000000000000e+02 8.724644250000000989e-01
9.530000000000000000e+02 8.725793250000000167e-01
9.540000000000000000e+02 8.727038000000000295e-01
9.550000000000000000e+02 8.728282750000000423e-01
9.560000000000000000e+02 8.729431750000000712e-01
9.570000000000000000e+02 8.730580749999999890e-01
9.580000000000000000e+02 8.731729750000000179e-01
9.590000000000000000e+02 8.732782999999999518e-01
9.600000000000000000e+02 8.733931999999999807e-01
9.610000000000000000e+02 8.735081000000000095e-01
9.620000000000000000e+02 8.736230000000000384e-01
9.630000000000000000e+02 8.737474749999999402e-01
9.640000000000000000e+02 8.738623749999999690e-01
9.650000000000000000e+02 8.739772749999999979e-01
9.660000000000000000e+02 8.741017500000000107e-01
9.670000000000000000e+02 8.742070750000000556e-01
9.680000000000000000e+02 8.743219749999999735e-01
9.690000000000000000e+02 8.744273000000000184e-01
9.700000000000000000e+02 8.745326250000000634e-01
9.710000000000000000e+02 8.746475249999999813e-01
9.720000000000000000e+02 8.747624250000000101e-01
9.730000000000000000e+02 8.748773250000000390e-01
9.740000000000000000e+02 8.749922250000000679e-01
9.750000000000000000e+02 8.751166999999999696e-01
9.760000000000000000e+02 8.752315999999999985e-01
9.770000000000000000e+02 8.753369249999999324e-01
9.780000000000000000e+02 8.754422499999999774e-01
9.790000000000000000e+02 8.755475749999999113e-01
9.800000000000000000e+02 8.756529000000000673e-01
9.810000000000000000e+02 8.757677999999999852e-01
9.820000000000000000e+02 8.758827000000000140e-01
9.830000000000000000e+02 8.759880249999999480e-01
9.840000000000000000e+02 8.761029249999999768e-01
9.850000000000000000e+02 8.762178250000000057e-01
9.860000000000000000e+02 8.763327250000000346e-01
9.870000000000000000e+02 8.764380500000000795e-01
9.880000000000000000e+02 8.765433750000000135e-01
9.890000000000000000e+02 8.766391249999999635e-01
9.900000000000000000e+02 8.767444500000000085e-01
9.910000000000000000e+02 8.768593500000000374e-01
9.920000000000000000e+02 8.769646749999999713e-01
9.930000000000000000e+02 8.770795750000000002e-01
9.940000000000000000e+02 8.771849000000000451e-01
9.950000000000000000e+02 8.772998000000000740e-01
9.960000000000000000e+02 8.774051250000000080e-01
9.970000000000000000e+02 8.775104500000000529e-01
9.980000000000000000e+02 8.776157749999999869e-01
9.990000000000000000e+02 8.777115250000000479e-01
1.000000000000000000e+03 8.778168500000000929e-01
1.001000000000000000e+03 8.779221750000000268e-01
1.002000000000000000e+03 8.780370750000000557e-01
1.003000000000000000e+03 8.781424000000001007e-01
1.004000000000000000e+03 8.782477250000000346e-01
1.005000000000000000e+03 8.783530500000000796e-01
1.006000000000000000e+03 8.784679500000001084e-01
1.007000000000000000e+03 8.785637000000000585e-01
1.008000000000000000e+03 8.786594500000000085e-01
1.009000000000000000e+03 8.787647749999999425e-01
1.010000000000000000e+03 8.788605250000000035e-01
1.011000000000000000e+03 8.789658500000000485e-01
1.012000000000000000e+03 8.790711749999999824e-01
1.013000000000000000e+03 8.791765000000000274e-01
1.014000000000000000e+03 8.792818249999999614e-01
1.015000000000000000e+03 8.793871500000000063e-01
1.016000000000000000e+03 8.794924749999999403e-01
1.017000000000000000e+03 8.795882250000000013e-01
1.018000000000000000e+03 8.796935500000000463e-01
1.019000000000000000e+03 8.797892999999999963e-01
1.020000000000000000e+03 8.798850499999999464e-01
1.021000000000000000e+03 8.799903750000001024e-01
1.022000000000000000e+03 8.800957000000000363e-01
1.023000000000000000e+03 8.801914499999999864e-01
1.024000000000000000e+03 8.802967750000000313e-01
1.025000000000000000e+03 8.804020999999999653e-01
1.026000000000000000e+03 8.805074250000000102e-01
1.027000000000000000e+03 8.806031750000000713e-01
1.028000000000000000e+03 8.806989250000000213e-01
1.029000000000000000e+03 8.807946749999999714e-01
1.030000000000000000e+03 8.808904250000000324e-01
1.031000000000000000e+03 8.809861749999999825e-01
1.032000000000000000e+03 8.810915000000000274e-01
1.033000000000000000e+03 8.811872499999999775e-01
1.034000000000000000e+03 8.812925750000000225e-01
1.035000000000000000e+03 8.813883250000000835e-01
1.036000000000000000e+03 8.814936500000000175e-01
1.037000000000000000e+03 8.815893999999999675e-01
1.038000000000000000e+03 8.816755750000000447e-01
1.039000000000000000e+03 8.817713249999999947e-01
1.040000000000000000e+03 8.818670750000000558e-01
1.041000000000000000e+03 8.819628250000000058e-01
1.042000000000000000e+03 8.820681500000000508e-01
1.043000000000000000e+03 8.821639000000000008e-01
1.044000000000000000e+03 8.822596500000000619e-01
1.045000000000000000e+03 8.823554000000000119e-01
1.046000000000000000e+03 8.824607249999999459e-01
1.047000000000000000e+03 8.825469000000000230e-01
1.048000000000000000e+03 8.826426499999999731e-01
1.049000000000000000e+03 8.827288250000000502e-01
1.050000000000000000e+03 8.828245750000000003e-01
1.051000000000000000e+03 8.829203249999999503e-01
1.052000000000000000e+03 8.830160750000000114e-01
1.053000000000000000e+03 8.831118249999999614e-01
1.054000000000000000e+03 8.832075750000000225e-01
1.055000000000000000e+03 8.833033250000000836e-01
1.056000000000000000e+03 8.834086500000000175e-01
1.057000000000000000e+03 8.834948250000000947e-01
1.058000000000000000e+03 8.835809999999999498e-01
1.059000000000000000e+03 8.836767500000001219e-01
1.060000000000000000e+03 8.837629249999999770e-01
1.061000000000000000e+03 8.838586750000000380e-01
1.062000000000000000e+03 8.839544249999999881e-01
1.063000000000000000e+03 8.840501750000000492e-01
1.064000000000000000e+03 8.841459250000001102e-01
1.065000000000000000e+03 8.842320999999999653e-01
1.066000000000000000e+03 8.843278500000000264e-01
1.067000000000000000e+03 8.844140249999999925e-01
1.068000000000000000e+03 8.845097749999999426e-01
1.069000000000000000e+03 8.845959500000000197e-01
1.070000000000000000e+03 8.846821250000000969e-01
1.071000000000000000e+03 8.847778750000000469e-01
1.072000000000000000e+03 8.848640500000000131e-01
1.073000000000000000e+03 8.849597999999999631e-01
1.074000000000000000e+03 8.850555500000000242e-01
1.075000000000000000e+03 8.851417249999999903e-01
1.076000000000000000e+03 8.852374749999999404e-01
1.077000000000000000e+03 8.853236500000000175e-01
1.078000000000000000e+03 8.854098250000000947e-01
1.079000000000000000e+03 8.854959999999999498e-01
1.080000000000000000e+03 8.855821750000000270e-01
1.081000000000000000e+03 8.856683499999999931e-01
1.082000000000000000e+03 8.857641000000000542e-01
1.083000000000000000e+03 8.858502750000000203e-01
1.084000000000000000e+03 8.859460250000000814e-01
1.085000000000000000e+03 8.860321999999999365e-01
1.086000000000000000e+03 8.861279499999999976e-01
1.087000000000000000e+03 8.862141249999999637e-01
1.088000000000000000e+03 8.862907249999999459e-01
1.089000000000000000e+03 8.863769000000000231e-01
1.090000000000000000e+03 8.864630749999999892e-01
1.091000000000000000e+03 8.865492499999999554e-01
1.092000000000000000e+03 8.866450000000000164e-01
1.093000000000000000e+03 8.867311749999999826e-01
1.094000000000000000e+03 8.868173500000000598e-01
1.095000000000000000e+03 8.869035250000000259e-01
1.096000000000000000e+03 8.869992750000000870e-01
1.097000000000000000e+03 8.870758749999999582e-01
1.098000000000000000e+03 8.871620500000000353e-01
1.099000000000000000e+03 8.872386500000000176e-01
1.100000000000000000e+03 8.873248250000000947e-01
1.101000000000000000e+03 8.874109999999999498e-01
1.102000000000000000e+03 8.874971750000000270e-01
1.103000000000000000e+03 8.875833499999999932e-01
1.104000000000000000e+03 8.876695249999999593e-01
1.105000000000000000e+03 8.877652750000000204e-01
1.106000000000000000e+03 8.878514499999999865e-01
1.107000000000000000e+03 8.879280500000000798e-01
1.108000000000000000e+03 8.880142250000000459e-01
1.109000000000000000e+03 8.880908249999999171e-01
1.110000000000000000e+03 8.881674250000000104e-01
1.111000000000000000e+03 8.882535999999999765e-01
1.112000000000000000e+03 8.883397750000000537e-01
1.113000000000000000e+03 8.884259500000000198e-01
1.114000000000000000e+03 8.885121250000000970e-01
1.115000000000000000e+03 8.885982999999999521e-01
1.116000000000000000e+03 8.886844750000000293e-01
1.117000000000000000e+03 8.887610750000000115e-01
1.118000000000000000e+03 8.888376749999999937e-01
1.119000000000000000e+03 8.889238499999999599e-01
1.120000000000000000e+03 8.890004499999999421e-01
1.121000000000000000e+03 8.890866250000000193e-01
1.122000000000000000e+03 8.891632250000000015e-01
1.123000000000000000e+03 8.892493999999999676e-01
1.124000000000000000e+03 8.893355750000000448e-01
1.125000000000000000e+03 8.894217500000000109e-01
1.126000000000000000e+03 8.894983499999999932e-01
1.127000000000000000e+03 8.895749499999999754e-01
1.128000000000000000e+03 8.896611250000000526e-01
1.129000000000000000e+03 8.897377250000000348e-01
1.130000000000000000e+03 8.898143250000000171e-01
1.131000000000000000e+03 8.898909250000001103e-01
1.132000000000000000e+03 8.899770999999999654e-01
1.133000000000000000e+03 8.900537000000000587e-01
1.134000000000000000e+03 8.901398750000000248e-01
1.135000000000000000e+03 8.902260499999999910e-01
1.136000000000000000e+03 8.903026499999999732e-01
1.137000000000000000e+03 8.903792499999999555e-01
1.138000000000000000e+03 8.904558500000000487e-01
1.139000000000000000e+03 8.905324500000000310e-01
1.140000000000000000e+03 8.906090500000000132e-01
1.141000000000000000e+03 8.906856500000001065e-01
1.142000000000000000e+03 8.907718249999999616e-01
1.143000000000000000e+03 8.908484250000000548e-01
1.144000000000000000e+03 8.909250250000000371e-01
1.145000000000000000e+03 8.910112000000001142e-01
1.146000000000000000e+03 8.910877999999999854e-01
1.147000000000000000e+03 8.911643999999999677e-01
1.148000000000000000e+03 8.912409999999999499e-01
1.149000000000000000e+03 8.913176000000000432e-01
1.150000000000000000e+03 8.913846250000000415e-01
