300.0 0.0023
301.0 0.0021
302.0 0.0020
303.0 0.0019
304.0 0.0017
305.0 0.0016
306.0 0.0014
307.0 0.0013
308.0 0.0011
309.0 0.0009
310.0 0.0008
311.0 0.0007
312.0 0.0005
313.0 0.0005
314.0 0.0004
315.0 0.0004
316.0 0.0005
317.0 0.0006
318.0 0.0008
319.0 0.0010
320.0 0.0014
321.0 0.0018
322.0 0.0022
323.0 0.0027
324.0 0.0032
325.0 0.0037
326.0 0.0043
327.0 0.0049
328.0 0.0055
329.0 0.0060
330.0 0.0066
331.0 0.0071
332.0 0.0076
333.0 0.0080
334.0 0.0084
335.0 0.0088
336.0 0.0091
337.0 0.0094
338.0 0.0097
339.0 0.0099
340.0 0.0101
341.0 0.0103
342.0 0.0105
343.0 0.0107
344.0 0.0108
345.0 0.0109
346.0 0.0111
347.0 0.0112
348.0 0.0113
349.0 0.0114
350.0 0.0115
351.0 0.0116
352.0 0.0116
353.0 0.0117
354.0 0.0118
355.0 0.0119
356.0 0.0119
357.0 0.0120
358.0 0.0120
359.0 0.0121
360.0 0.0122
361.0 0.0122
362.0 0.0122
363.0 0.0123
364.0 0.0123
365.0 0.0124
366.0 0.0124
367.0 0.0124
368.0 0.0125
369.0 0.0125
370.0 0.0125
371.0 0.0126
372.0 0.0126
373.0 0.0126
374.0 0.0126
375.0 0.0126
376.0 0.0127
377.0 0.0127
378.0 0.0127
379.0 0.0127
380.0 0.0127
381.0 0.0127
382.0 0.0127
383.0 0.0127
384.0 0.0127
385.0 0.0127
386.0 0.0127
387.0 0.0127
388.0 0.0127
389.0 0.0128
390.0 0.0127
391.0 0.0127
392.0 0.0127
393.0 0.0127
394.0 0.0127
395.0 0.0127
396.0 0.0127
397.0 0.0127
398.0 0.0127
399.0 0.0127
400.0 0.0127
401.0 0.0127
402.0 0.0127
403.0 0.0126
404.0 0.0126
405.0 0.0126
406.0 0.0126
407.0 0.0126
408.0 0.0126
409.0 0.0126
410.0 0.0126
411.0 0.0125
412.0 0.0125
413.0 0.0125
414.0 0.0125
415.0 0.0125
416.0 0.0125
417.0 0.0124
418.0 0.0124
419.0 0.0124
420.0 0.0124
421.0 0.0124
422.0 0.0123
423.0 0.0123
424.0 0.0123
425.0 0.0123
426.0 0.0123
427.0 0.0122
428.0 0.0122
429.0 0.0122
430.0 0.0122
431.0 0.0122
432.0 0.0121
433.0 0.0121
434.0 0.0121
435.0 0.0121
436.0 0.0121
437.0 0.0120
438.0 0.0120
439.0 0.0120
440.0 0.0120
441.0 0.0119
442.0 0.0119
443.0 0.0119
444.0 0.0119
445.0 0.0118
446.0 0.0118
447.0 0.0118
448.0 0.0118
449.0 0.0117
450.0 0.0117
451.0 0.0117
452.0 0.0117
453.0 0.0116
454.0 0.0116
455.0 0.0116
456.0 0.0116
457.0 0.0115
458.0 0.0115
459.0 0.0115
460.0 0.0115
461.0 0.0114
462.0 0.0114
463.0 0.0114
464.0 0.0114
465.0 0.0113
466.0 0.0113
467.0 0.0113
468.0 0.0113
469.0 0.0112
470.0 0.0112
471.0 0.0112
472.0 0.0111
473.0 0.0111
474.0 0.0111
475.0 0.0111
476.0 0.0111
477.0 0.0111
478.0 0.0111
479.0 0.0111
480.0 0.0111
481.0 0.0110
482.0 0.0110
483.0 0.0110
484.0 0.0110
485.0 0.0110
486.0 0.0110
487.0 0.0110
488.0 0.0110
489.0 0.0110
490.0 0.0110
491.0 0.0110
492.0 0.0109
493.0 0.0109
494.0 0.0109
495.0 0.0109
496.0 0.0109
497.0 0.0109
498.0 0.0109
499.0 0.0109
500.0 0.0109
501.0 0.0109
502.0 0.0108
503.0 0.0108
504.0 0.0108
505.0 0.0108
506.0 0.0108
507.0 0.0108
508.0 0.0108
509.0 0.0108
510.0 0.0108
511.0 0.0108
512.0 0.0107
513.0 0.0107
514.0 0.0107
515.0 0.0107
516.0 0.0107
517.0 0.0107
518.0 0.0107
519.0 0.0107
520.0 0.0107
521.0 0.0107
522.0 0.0106
523.0 0.0106
524.0 0.0106
525.0 0.0106
526.0 0.0106
527.0 0.0106
528.0 0.0106
529.0 0.0106
530.0 0.0106
531.0 0.0105
532.0 0.0105
533.0 0.0105
534.0 0.0105
535.0 0.0105
536.0 0.0105
537.0 0.0105
538.0 0.0105
539.0 0.0105
540.0 0.0105
541.0 0.0104
542.0 0.0104
543.0 0.0104
544.0 0.0104
545.0 0.0104
546.0 0.0104
547.0 0.0104
548.0 0.0104
549.0 0.0104
550.0 0.0103
551.0 0.0103
552.0 0.0103
553.0 0.0103
554.0 0.0103
555.0 0.0103
556.0 0.0103
557.0 0.0103
558.0 0.0103
559.0 0.0102
560.0 0.0102
561.0 0.0102
562.0 0.0102
563.0 0.0102
564.0 0.0102
565.0 0.0102
566.0 0.0102
567.0 0.0101
568.0 0.0101
569.0 0.0101
570.0 0.0101
571.0 0.0101
572.0 0.0101
573.0 0.0101
574.0 0.0101
575.0 0.0101
576.0 0.0100
577.0 0.0100
578.0 0.0100
579.0 0.0100
580.0 0.0100
581.0 0.0100
582.0 0.0100
583.0 0.0100
584.0 0.0100
585.0 0.0099
586.0 0.0099
587.0 0.0099
588.0 0.0099
589.0 0.0099
590.0 0.0099
591.0 0.0099
592.0 0.0099
593.0 0.0098
594.0 0.0098
595.0 0.0098
596.0 0.0098
597.0 0.0098
598.0 0.0098
599.0 0.0098
600.0 0.0098
601.0 0.0098
602.0 0.0097
603.0 0.0097
604.0 0.0097
605.0 0.0097
606.0 0.0097
607.0 0.0097
608.0 0.0097
609.0 0.0097
610.0 0.0096
611.0 0.0096
612.0 0.0096
613.0 0.0096
614.0 0.0096
615.0 0.0096
616.0 0.0096
617.0 0.0096
618.0 0.0095
619.0 0.0095
620.0 0.0095
621.0 0.0095
622.0 0.0095
623.0 0.0095
624.0 0.0095
625.0 0.0095
626.0 0.0095
627.0 0.0095
628.0 0.0095
629.0 0.0095
630.0 0.0095
631.0 0.0095
632.0 0.0096
633.0 0.0096
634.0 0.0096
635.0 0.0096
636.0 0.0096
637.0 0.0096
638.0 0.0096
639.0 0.0096
640.0 0.0096
641.0 0.0096
642.0 0.0096
643.0 0.0096
644.0 0.0096
645.0 0.0096
646.0 0.0096
647.0 0.0096
648.0 0.0096
649.0 0.0096
650.0 0.0096
651.0 0.0096
652.0 0.0096
653.0 0.0096
654.0 0.0096
655.0 0.0096
656.0 0.0096
657.0 0.0096
658.0 0.0096
659.0 0.0096
660.0 0.0096
661.0 0.0096
662.0 0.0096
663.0 0.0096
664.0 0.0096
665.0 0.0096
666.0 0.0096
667.0 0.0096
668.0 0.0096
669.0 0.0096
670.0 0.0096
671.0 0.0096
672.0 0.0096
673.0 0.0096
674.0 0.0096
675.0 0.0096
676.0 0.0096
677.0 0.0096
678.0 0.0096
679.0 0.0096
680.0 0.0096
681.0 0.0096
682.0 0.0096
683.0 0.0096
684.0 0.0096
685.0 0.0096
686.0 0.0096
687.0 0.0096
688.0 0.0096
689.0 0.0096
690.0 0.0096
691.0 0.0096
692.0 0.0096
693.0 0.0096
694.0 0.0096
695.0 0.0096
696.0 0.0096
697.0 0.0096
698.0 0.0096
699.0 0.0096
700.0 0.0096
701.0 0.0096
702.0 0.0096
703.0 0.0096
704.0 0.0096
705.0 0.0096
706.0 0.0096
707.0 0.0096
708.0 0.0096
709.0 0.0096
710.0 0.0096
711.0 0.0096
712.0 0.0096
713.0 0.0096
714.0 0.0096
715.0 0.0096
716.0 0.0096
717.0 0.0096
718.0 0.0096
719.0 0.0096
720.0 0.0096
721.0 0.0096
722.0 0.0096
723.0 0.0096
724.0 0.0096
725.0 0.0096
726.0 0.0096
727.0 0.0096
728.0 0.0096
729.0 0.0096
730.0 0.0096
731.0 0.0096
732.0 0.0096
733.0 0.0096
734.0 0.0096
735.0 0.0096
736.0 0.0096
737.0 0.0096
738.0 0.0096
739.0 0.0097
740.0 0.0097
741.0 0.0097
742.0 0.0097
743.0 0.0097
744.0 0.0097
745.0 0.0097
746.0 0.0097
747.0 0.0097
748.0 0.0097
749.0 0.0097
750.0 0.0097
751.0 0.0097
752.0 0.0097
753.0 0.0097
754.0 0.0097
755.0 0.0097
756.0 0.0097
757.0 0.0097
758.0 0.0097
759.0 0.0097
760.0 0.0097
761.0 0.0097
762.0 0.0097
763.0 0.0097
764.0 0.0097
765.0 0.0097
766.0 0.0097
767.0 0.0097
768.0 0.0097
769.0 0.0097
770.0 0.0097
771.0 0.0097
772.0 0.0097
773.0 0.0097
774.0 0.0097
775.0 0.0097
776.0 0.0097
777.0 0.0097
778.0 0.0097
779.0 0.0097
780.0 0.0097
781.0 0.0097
782.0 0.0097
783.0 0.0097
784.0 0.0097
785.0 0.0097
786.0 0.0097
787.0 0.0097
788.0 0.0097
789.0 0.0097
790.0 0.0097
791.0 0.0097
792.0 0.0097
793.0 0.0097
794.0 0.0097
795.0 0.0097
796.0 0.0097
797.0 0.0097
798.0 0.0097
799.0 0.0097
800.0 0.0097
801.0 0.0097
802.0 0.0097
803.0 0.0097
804.0 0.0097
805.0 0.0097
806.0 0.0097
807.0 0.0097
808.0 0.0097
809.0 0.0097
810.0 0.0097
811.0 0.0097
812.0 0.0097
813.0 0.0097
814.0 0.0097
815.0 0.0097
816.0 0.0097
817.0 0.0097
818.0 0.0097
819.0 0.0097
820.0 0.0097
821.0 0.0097
822.0 0.0097
823.0 0.0097
824.0 0.0097
825.0 0.0097
826.0 0.0097
827.0 0.0097
828.0 0.0097
829.0 0.0097
830.0 0.0097
831.0 0.0097
832.0 0.0097
833.0 0.0097
834.0 0.0097
835.0 0.0097
836.0 0.0097
837.0 0.0097
838.0 0.0097
839.0 0.0097
840.0 0.0097
841.0 0.0097
842.0 0.0097
843.0 0.0097
844.0 0.0097
845.0 0.0097
846.0 0.0097
847.0 0.0097
848.0 0.0097
849.0 0.0097
850.0 0.0097
851.0 0.0097
852.0 0.0097
853.0 0.0097
854.0 0.0097
855.0 0.0097
856.0 0.0097
857.0 0.0097
858.0 0.0097
859.0 0.0097
860.0 0.0097
861.0 0.0097
862.0 0.0097
863.0 0.0097
864.0 0.0097
865.0 0.0097
866.0 0.0097
867.0 0.0097
868.0 0.0097
869.0 0.0097
870.0 0.0097
871.0 0.0097
872.0 0.0097
873.0 0.0097
874.0 0.0097
875.0 0.0097
876.0 0.0097
877.0 0.0097
878.0 0.0097
879.0 0.0097
880.0 0.0097
881.0 0.0097
882.0 0.0097
883.0 0.0097
884.0 0.0097
885.0 0.0097
886.0 0.0097
887.0 0.0097
888.0 0.0097
889.0 0.0097
890.0 0.0097
891.0 0.0097
892.0 0.0097
893.0 0.0097
894.0 0.0097
895.0 0.0097
896.0 0.0097
897.0 0.0097
898.0 0.0097
899.0 0.0097
900.0 0.0097
901.0 0.0097
902.0 0.0097
903.0 0.0097
904.0 0.0097
905.0 0.0097
906.0 0.0097
907.0 0.0097
908.0 0.0097
909.0 0.0097
910.0 0.0097
911.0 0.0097
912.0 0.0097
913.0 0.0097
914.0 0.0097
915.0 0.0097
916.0 0.0097
917.0 0.0097
918.0 0.0097
919.0 0.0097
920.0 0.0097
921.0 0.0097
922.0 0.0097
923.0 0.0097
924.0 0.0097
925.0 0.0097
926.0 0.0097
927.0 0.0097
928.0 0.0097
929.0 0.0097
930.0 0.0097
931.0 0.0097
932.0 0.0097
933.0 0.0097
934.0 0.0097
935.0 0.0097
936.0 0.0097
937.0 0.0097
938.0 0.0097
939.0 0.0097
940.0 0.0097
941.0 0.0097
942.0 0.0097
943.0 0.0097
944.0 0.0097
945.0 0.0097
946.0 0.0097
947.0 0.0097
948.0 0.0097
949.0 0.0097
950.0 0.0097
951.0 0.0097
952.0 0.0097
953.0 0.0097
954.0 0.0097
955.0 0.0097
956.0 0.0097
957.0 0.0097
958.0 0.0097
959.0 0.0097
960.0 0.0097
961.0 0.0097
962.0 0.0097
963.0 0.0097
964.0 0.0097
965.0 0.0097
966.0 0.0097
967.0 0.0097
968.0 0.0097
969.0 0.0097
970.0 0.0097
971.0 0.0097
972.0 0.0097
973.0 0.0097
974.0 0.0097
975.0 0.0097
976.0 0.0097
977.0 0.0097
978.0 0.0097
979.0 0.0097
980.0 0.0097
981.0 0.0097
982.0 0.0097
983.0 0.0097
984.0 0.0097
985.0 0.0098
986.0 0.0097
987.0 0.0097
988.0 0.0097
989.0 0.0097
990.0 0.0097
991.0 0.0097
992.0 0.0097
993.0 0.0097
994.0 0.0097
995.0 0.0097
996.0 0.0097
997.0 0.0097
998.0 0.0097
999.0 0.0097
1000.0 0.0097
1001.0 0.0097
1002.0 0.0097
1003.0 0.0097
1004.0 0.0097
1005.0 0.0097
1006.0 0.0097
1007.0 0.0097
1008.0 0.0097
1009.0 0.0097
1010.0 0.0097
1011.0 0.0097
1012.0 0.0097
1013.0 0.0097
1014.0 0.0097
1015.0 0.0097
1016.0 0.0097
1017.0 0.0097
1018.0 0.0097
1019.0 0.0097
1020.0 0.0097
1021.0 0.0097
1022.0 0.0097
1023.0 0.0097
1024.0 0.0097
1025.0 0.0097
1026.0 0.0097
1027.0 0.0097
1028.0 0.0097
1029.0 0.0097
1030.0 0.0097
1031.0 0.0097
1032.0 0.0097
1033.0 0.0097
1034.0 0.0097
1035.0 0.0097
1036.0 0.0098
1037.0 0.0097
1038.0 0.0097
1039.0 0.0097
1040.0 0.0097
1041.0 0.0097
1042.0 0.0097
1043.0 0.0097
1044.0 0.0097
1045.0 0.0097
1046.0 0.0097
1047.0 0.0097
1048.0 0.0097
1049.0 0.0097
1050.0 0.0097
1051.0 0.0097
1052.0 0.0097
1053.0 0.0097
1054.0 0.0097
1055.0 0.0097
1056.0 0.0097
1057.0 0.0097
1058.0 0.0097
1059.0 0.0097
1060.0 0.0098
1061.0 0.0097
1062.0 0.0097
1063.0 0.0097
1064.0 0.0098
1065.0 0.0098
1066.0 0.0097
1067.0 0.0098
1068.0 0.0098
1069.0 0.0098
1070.0 0.0098
1071.0 0.0097
1072.0 0.0097
1073.0 0.0097
1074.0 0.0098
1075.0 0.0097
1076.0 0.0097
1077.0 0.0098
1078.0 0.0097
1079.0 0.0097
1080.0 0.0098
1081.0 0.0098
1082.0 0.0097
1083.0 0.0098
1084.0 0.0097
1085.0 0.0097
1086.0 0.0098
1087.0 0.0098
1088.0 0.0098
1089.0 0.0098
1090.0 0.0098
1091.0 0.0098
1092.0 0.0098
1093.0 0.0097
1094.0 0.0098
1095.0 0.0098
1096.0 0.0098
1097.0 0.0098
1098.0 0.0098
1099.0 0.0097
1100.0 0.0098
1101.0 0.0097
1102.0 0.0098
1103.0 0.0098
1104.0 0.0098
1105.0 0.0098
1106.0 0.0098
1107.0 0.0098
1108.0 0.0098
1109.0 0.0098
1110.0 0.0097
1111.0 0.0098
1112.0 0.0098
1113.0 0.0098
1114.0 0.0098
1115.0 0.0098
1116.0 0.0098
1117.0 0.0098
1118.0 0.0098
1119.0 0.0098
1120.0 0.0098
1121.0 0.0098
1122.0 0.0098
1123.0 0.0098
1124.0 0.0098
1125.0 0.0098
1126.0 0.0098
1127.0 0.0098
1128.0 0.0098
1129.0 0.0098
1130.0 0.0098
1131.0 0.0098
1132.0 0.0098
1133.0 0.0098
1134.0 0.0098
1135.0 0.0098
1136.0 0.0098
1137.0 0.0098
1138.0 0.0098
1139.0 0.0098
1140.0 0.0098
1141.0 0.0098
1142.0 0.0098
1143.0 0.0098
1144.0 0.0098
1145.0 0.0098
1146.0 0.0098
1147.0 0.0098
1148.0 0.0098
1149.0 0.0098
1150.0 0.0098
