100 .2126089E-14
101 .1103535E-13
102 .3372009E-13
103 .8064456E-13
104 .1668484E-12
105 .3133936E-12
106 .5491476E-12
107 .9128365E-12
108 .1455240E-11
109 .2241299E-11
110 .3351837E-11
111 .4884516E-11
112 .6953612E-11
113 .9688212E-11
114 .1322845E-10
115 .1771948E-10
116 .2330319E-10
117 .3010750E-10
118 .3823398E-10
119 .4774393E-10
120 .5864424E-10
121 .7087368E-10
122 .8429154E-10
123 .9866937E-10
124 .1136879E-09
125 .1289395E-09
126 .1439770E-09
127 .1584765E-09
128 .1721890E-09
129 .1849200E-09
130 .1965359E-09
131 .2069664E-09
132 .2162034E-09
133 .2242969E-09
134 .2313489E-09
135 .2375064E-09
136 .2429534E-09
137 .2479039E-09
138 .2525904E-09
139 .2571345E-09
140 .2615342E-09
141 .2657814E-09
142 .2698687E-09
143 .2737897E-09
144 .2775394E-09
145 .2811158E-09
146 .2845192E-09
147 .2877533E-09
148 .2908254E-09
149 .2937456E-09
150 .2965277E-09
151 .2991878E-09
152 .3017432E-09
153 .3042110E-09
154 .3066074E-09
155 .3089483E-09
156 .3112488E-09
157 .3135239E-09
158 .3157882E-09
159 .3180555E-09
160 .3203397E-09
161 .3226545E-09
162 .3250131E-09
163 .3274291E-09
164 .3299157E-09
165 .3324864E-09
166 .3351547E-09
167 .3379347E-09
168 .3408402E-09
169 .3438860E-09
170 .3470873E-09
171 .3504597E-09
172 .3540196E-09
173 .3577844E-09
174 .3617722E-09
175 .3660022E-09
176 .3704905E-09
177 .3752369E-09
178 .3802368E-09
179 .3854854E-09
180 .3909778E-09
181 .3967083E-09
182 .4026713E-09
183 .4088605E-09
184 .4152689E-09
185 .4218893E-09
186 .4287137E-09
187 .4357335E-09
188 .4429392E-09
189 .4503207E-09
190 .4578670E-09
191 .4655662E-09
192 .4734056E-09
193 .4813712E-09
194 .4894484E-09
195 .4976212E-09
196 .5058728E-09
197 .5141851E-09
198 .5225387E-09
199 .5309132E-09
200 .5392871E-09
201 .5476409E-09
202 .5559689E-09
203 .5642685E-09
204 .5725371E-09
205 .5807724E-09
206 .5889717E-09
207 .5971326E-09
208 .6052524E-09
209 .6133284E-09
210 .6213584E-09
211 .6293395E-09
212 .6372694E-09
213 .6451453E-09
214 .6529649E-09
215 .6607256E-09
216 .6684248E-09
217 .6760604E-09
218 .6836297E-09
219 .6911306E-09
220 .6985606E-09
221 .7059176E-09
222 .7131993E-09
223 .7204036E-09
224 .7275285E-09
225 .7345718E-09
226 .7415333E-09
227 .7484183E-09
228 .7552340E-09
229 .7619881E-09
230 .7686887E-09
231 .7753440E-09
232 .7819630E-09
233 .7885549E-09
234 .7951291E-09
235 .8016955E-09
236 .8082645E-09
237 .8148467E-09
238 .8214532E-09
239 .8280952E-09
240 .8347846E-09
241 .8415337E-09
242 .8483547E-09
243 .8552609E-09
244 .8622655E-09
245 .8693824E-09
246 .8766254E-09
247 .8840096E-09
248 .8915503E-09
249 .8992623E-09
250 .9071623E-09
251 .9051180E-09
252 .9423182E-09
253 .8752040E-09
254 .7661561E-09
255 .8236147E-09
256 .9244038E-09
257 .8425995E-09
258 .7862190E-09
259 .8054842E-09
260 .8233185E-09
261 .9144064E-09
262 .8502993E-09
263 .7988943E-09
264 .8773714E-09
265 .1110088E-08
266 .1095950E-08
267 .1109749E-08
268 .1278879E-08
269 .1337655E-08
270 .1429936E-08
271 .1558249E-08
272 .1654650E-08
273 .1747391E-08
274 .1789580E-08
275 .1879760E-08
276 .1904159E-08
277 .1943327E-08
278 .1867337E-08
279 .1924059E-08
280 .2100050E-08
281 .2270122E-08
282 .2440756E-08
283 .2552613E-08
284 .2736389E-08
285 .3163339E-08
286 .3750160E-08
287 .4258065E-08
288 .4679293E-08
289 .4861341E-08
290 .5070973E-08
291 .5209455E-08
292 .5248552E-08
293 .5264221E-08
294 .5284877E-08
295 .5244854E-08
296 .5154206E-08
297 .5007598E-08
298 .4805386E-08
299 .4573775E-08
300 .4317805E-08
301 .4169379E-08
302 .4003547E-08
303 .3959618E-08
304 .3968009E-08
305 .3972836E-08
306 .3921000E-08
307 .4238176E-08
308 .4579194E-08
309 .4844304E-08
310 .5401480E-08
311 .5637364E-08
312 .5827146E-08
313 .6046276E-08
314 .6223765E-08
315 .6316785E-08
316 .6483145E-08
317 .6594539E-08
318 .6506748E-08
319 .6328480E-08
320 .6133426E-08
321 .5808566E-08
322 .5596275E-08
323 .5367482E-08
324 .5165156E-08
325 .5015243E-08
326 .4932527E-08
327 .4897889E-08
328 .4883055E-08
329 .4910150E-08
330 .4987148E-08
331 .5054236E-08
332 .5383302E-08
333 .5551847E-08
334 .5778614E-08
335 .6020759E-08
336 .6188579E-08
337 .6090214E-08
338 .6023320E-08
339 .5871555E-08
340 .6039917E-08
341 .6289589E-08
342 .6464935E-08
343 .6790825E-08
344 .6993347E-08
345 .7087545E-08
346 .7407303E-08
347 .7449271E-08
348 .7465813E-08
349 .7692217E-08
350 .8056225E-08
351 .8242037E-08
352 .8297638E-08
353 .8372030E-08
354 .8205713E-08
355 .7986950E-08
356 .7822030E-08
357 .7557180E-08
358 .7365506E-08
359 .7074062E-08
360 .6949455E-08
361 .7072901E-08
362 .6447154E-08
363 .6129109E-08
364 .6106649E-08
365 .5545051E-08
366 .4737960E-08
367 .4576105E-08
368 .4295644E-08
369 .3882855E-08
370 .3589541E-08
371 .3694321E-08
372 .3504063E-08
373 .3630353E-08
374 .3708359E-08
375 .3836006E-08
376 .3983473E-08
377 .4289791E-08
378 .4418076E-08
379 .4472526E-08
380 .5129922E-08
381 .5642065E-08
382 .5295447E-08
383 .5851122E-08
384 .6553030E-08
385 .7207673E-08
386 .7894286E-08
387 .8420991E-08
388 .8789001E-08
389 .8887108E-08
390 .8941692E-08
391 .8750116E-08
392 .8774234E-08
393 .8725848E-08
394 .8451871E-08
395 .8516343E-08
396 .8191793E-08
397 .7929081E-08
398 .7682842E-08
399 .7612706E-08
400 .7729924E-08
401 .7789243E-08
402 .8087090E-08
403 .8389100E-08
404 .8686544E-08
405 .9015004E-08
406 .9408707E-08
407 .9647752E-08
408 .9723532E-08
409 .9665150E-08
410 .9608497E-08
411 .9389357E-08
412 .9151623E-08
413 .9040848E-08
414 .8828665E-08
415 .8680921E-08
416 .8512459E-08
417 .8359650E-08
418 .8165923E-08
419 .7922989E-08
420 .7613240E-08
421 .7201192E-08
422 .6798455E-08
423 .6382414E-08
424 .5982686E-08
425 .5629969E-08
426 .5220288E-08
427 .4956687E-08
428 .4692937E-08
429 .4657373E-08
430 .4535555E-08
431 .4629062E-08
432 .4843210E-08
433 .5002948E-08
434 .5194555E-08
435 .5458678E-08
436 .5651826E-08
437 .5906691E-08
438 .6047084E-08
439 .6026516E-08
440 .6019770E-08
441 .5903069E-08
442 .5905927E-08
443 .5961377E-08
444 .6163575E-08
445 .6439479E-08
446 .6746119E-08
447 .7119194E-08
448 .7266169E-08
449 .7467239E-08
450 .7541839E-08
451 .7561882E-08
452 .7513601E-08
453 .7418267E-08
454 .7310486E-08
455 .7212861E-08
456 .7167297E-08
457 .7042878E-08
458 .6977968E-08
459 .6879087E-08
460 .6627260E-08
461 .6332619E-08
462 .5911036E-08
463 .5557950E-08
464 .5253152E-08
465 .5046943E-08
466 .4944051E-08
467 .4855640E-08
468 .4788462E-08
469 .4655664E-08
470 .4515455E-08
471 .4302253E-08
472 .4143790E-08
473 .4012127E-08
474 .3895906E-08
475 .3854468E-08
476 .3857909E-08
477 .3859650E-08
478 .3871178E-08
479 .3865841E-08
480 .3806255E-08
481 .3718799E-08
482 .3581871E-08
483 .3439938E-08
484 .3265300E-08
485 .3115331E-08
486 .3010498E-08
487 .2961235E-08
488 .3002898E-08
489 .3039292E-08
490 .3139177E-08
491 .3184146E-08
492 .3234137E-08
493 .3267617E-08
494 .3287574E-08
495 .3321028E-08
496 .3327129E-08
497 .3366444E-08
498 .3373295E-08
499 .3395441E-08
500 .3507514E-08
501 .3597352E-08
502 .3710007E-08
503 .3859722E-08
504 .3997557E-08
505 .4157898E-08
506 .4280296E-08
507 .4418663E-08
508 .4539801E-08
509 .4621078E-08
510 .4703055E-08
511 .4711509E-08
512 .4702751E-08
513 .4688520E-08
514 .4660736E-08
515 .4625883E-08
516 .4657825E-08
517 .4600572E-08
518 .4506663E-08
519 .4397076E-08
520 .4227889E-08
521 .4043938E-08
522 .3856436E-08
523 .3640614E-08
524 .3460631E-08
525 .3300192E-08
526 .3200757E-08
527 .3134801E-08
528 .3104322E-08
529 .3100023E-08
530 .3128310E-08
531 .3156025E-08
532 .3235256E-08
533 .3284307E-08
534 .3317046E-08
535 .3337515E-08
536 .3319435E-08
537 .3289183E-08
538 .3223369E-08
539 .3149504E-08
540 .3070261E-08
541 .2972537E-08
542 .2891287E-08
543 .2827944E-08
544 .2794722E-08
545 .2800205E-08
546 .2857621E-08
547 .2951084E-08
548 .3079439E-08
549 .3214788E-08
550 .3376675E-08
551 .3500295E-08
552 .3632799E-08
553 .3733225E-08
554 .3794078E-08
555 .3810121E-08
556 .3797164E-08
557 .3814464E-08
558 .3815483E-08
559 .3866562E-08
560 .3835811E-08
561 .3831016E-08
562 .3817394E-08
563 .3801836E-08
564 .3776129E-08
565 .3719004E-08
566 .3695354E-08
567 .3653553E-08
568 .3616112E-08
569 .3585845E-08
570 .3525668E-08
571 .3451577E-08
572 .3371970E-08
573 .3286843E-08
574 .3254531E-08
575 .3205556E-08
576 .3201158E-08
577 .3216911E-08
578 .3220153E-08
579 .3239749E-08
580 .3283877E-08
581 .3309566E-08
582 .3343991E-08
583 .3368331E-08
584 .3383363E-08
585 .3398203E-08
586 .3366461E-08
587 .3378337E-08
588 .3309837E-08
589 .3210080E-08
590 .3277142E-08
591 .3384793E-08
592 .3344011E-08
593 .3221770E-08
594 .3056878E-08
595 .2885386E-08
596 .2711963E-08
597 .2565914E-08
598 .2417111E-08
599 .2306028E-08
600 .2184297E-08
601 .2082307E-08
602 .1951373E-08
603 .1848782E-08
604 .1721767E-08
605 .1587558E-08
606 .1470663E-08
607 .1373345E-08
608 .1299083E-08
609 .1263188E-08
610 .1247274E-08
611 .1268266E-08
612 .1283847E-08
613 .1341338E-08
614 .1423766E-08
615 .1521154E-08
616 .1656025E-08
617 .1801800E-08
618 .1927440E-08
619 .2073931E-08
620 .2229411E-08
621 .2373223E-08
622 .2493839E-08
623 .2595603E-08
624 .2678925E-08
625 .2755357E-08
626 .2821009E-08
627 .2905078E-08
628 .2932750E-08
629 .2999559E-08
630 .3040880E-08
631 .3064425E-08
632 .3051109E-08
633 .3057449E-08
634 .3058797E-08
635 .3058758E-08
636 .3040640E-08
637 .3010782E-08
638 .2973538E-08
639 .2934202E-08
640 .2898118E-08
641 .2830632E-08
642 .2786196E-08
643 .2735872E-08
644 .2693607E-08
645 .2626680E-08
646 .2595488E-08
647 .2563187E-08
648 .2533566E-08
649 .2474561E-08
650 .2441801E-08
651 .2427831E-08
652 .2394567E-08
653 .2346894E-08
654 .2343275E-08
655 .2311904E-08
656 .2275322E-08
657 .2231864E-08
658 .2196541E-08
659 .2143472E-08
660 .2120672E-08
661 .2093735E-08
662 .2065740E-08
663 .2029023E-08
664 .1980127E-08
665 .1961247E-08
666 .1936394E-08
667 .1895147E-08
668 .1864818E-08
669 .1837787E-08
670 .1789615E-08
671 .1764335E-08
672 .1740691E-08
673 .1707578E-08
674 .1662283E-08
675 .1667616E-08
676 .1624678E-08
677 .1628672E-08
678 .1601497E-08
679 .1583467E-08
680 .1564893E-08
681 .1568470E-08
682 .1537283E-08
683 .1503175E-08
684 .1487695E-08
685 .1459548E-08
686 .1485534E-08
687 .1441509E-08
688 .1434645E-08
689 .1394110E-08
690 .1402200E-08
691 .1369365E-08
692 .1357028E-08
693 .1366991E-08
694 .1348739E-08
695 .1359623E-08
696 .1332377E-08
697 .1320584E-08
698 .1313121E-08
699 .1297188E-08
700 .1282000E-08
701 .1288082E-08
702 .1283706E-08
703 .1268691E-08
704 .1276213E-08
705 .1258823E-08
706 .1252749E-08
707 .1249079E-08
708 .1243283E-08
709 .1237000E-08
710 .1236308E-08
711 .1218879E-08
712 .1208892E-08
713 .1196463E-08
714 .1166432E-08
715 .1163084E-08
716 .1154897E-08
717 .1132371E-08
718 .1150873E-08
719 .1134080E-08
720 .1110569E-08
721 .1130124E-08
722 .1124332E-08
723 .1107368E-08
724 .1097023E-08
725 .1069979E-08
726 .1063041E-08
727 .1063466E-08
728 .1049472E-08
729 .1035630E-08
730 .1039479E-08
731 .1022923E-08
732 .9958412E-09
733 .9945581E-09
734 .9737216E-09
735 .9543231E-09
736 .9456167E-09
737 .9303704E-09
738 .9124479E-09
739 .8893035E-09
740 .8703493E-09
741 .8591992E-09
742 .8385088E-09
743 .8330356E-09
744 .8104127E-09
745 .7959743E-09
746 .7996342E-09
747 .7861891E-09
748 .7868129E-09
749 .8121590E-09
750 .8231090E-09
751 .8308309E-09
752 .8421967E-09
753 .8453427E-09
754 .8437810E-09
755 .8304814E-09
756 .8240501E-09
757 .7741740E-09
758 .7596917E-09
759 .7842524E-09
760 .7889759E-09
761 .8265623E-09
762 .8599734E-09
763 .8434869E-09
764 .8702832E-09
765 .8879614E-09
766 .8623659E-09
767 .8704373E-09
768 .8667169E-09
769 .8888293E-09
770 .9023033E-09
771 .9037762E-09
772 .9154151E-09
773 .9212302E-09
774 .9277988E-09
775 .9285683E-09
776 .9354647E-09
777 .9522208E-09
778 .9693691E-09
779 .9571585E-09
780 .9575746E-09
781 .9802807E-09
782 .9760824E-09
783 .9470918E-09
784 .9674001E-09
785 .9769383E-09
786 .9485648E-09
787 .9191452E-09
788 .9465134E-09
789 .9350457E-09
790 .8926362E-09
791 .8893600E-09
792 .9058985E-09
793 .8702589E-09
794 .8288520E-09
795 .8251589E-09
796 .8048619E-09
797 .7680630E-09
798 .7316181E-09
799 .7417007E-09
800 .7306564E-09
801 .6957193E-09
802 .6693854E-09
803 .6787152E-09
804 .6570530E-09
805 .6401452E-09
806 .6123054E-09
807 .6120397E-09
808 .6113936E-09
809 .5954696E-09
810 .5696764E-09
811 .5769622E-09
812 .5688757E-09
813 .5375382E-09
814 .5310336E-09
815 .5357130E-09
816 .5348684E-09
817 .5216032E-09
818 .4977554E-09
819 .4972524E-09
820 .5029648E-09
821 .4861159E-09
822 .4691929E-09
823 .4695380E-09
824 .4816815E-09
825 .4566512E-09
826 .4715257E-09
827 .4857672E-09
828 .5079835E-09
829 .4978181E-09
830 .5234444E-09
831 .5581234E-09
832 .5659874E-09
833 .5491869E-09
834 .5692701E-09
835 .6032080E-09
836 .6151801E-09
837 .6078528E-09
838 .6322299E-09
839 .6674405E-09
840 .6829412E-09
841 .6731829E-09
842 .6937196E-09
843 .7363765E-09
844 .7469741E-09
845 .7327002E-09
846 .7535591E-09
847 .7921957E-09
848 .8026919E-09
849 .7802653E-09
850 .7886611E-09
851 .8202096E-09
852 .8240091E-09
853 .7940885E-09
854 .7991706E-09
855 .8194036E-09
856 .7985258E-09
857 .7919329E-09
858 .8013790E-09
859 .8241700E-09
860 .8006600E-09
861 .7767137E-09
862 .7813399E-09
863 .7989249E-09
864 .7813671E-09
865 .7526547E-09
866 .7783608E-09
867 .7976054E-09
868 .7692253E-09
869 .7468034E-09
870 .7586715E-09
871 .7756209E-09
872 .7513344E-09
873 .7080097E-09
874 .7045219E-09
875 .7427756E-09
876 .7171620E-09
877 .6888108E-09
878 .6837124E-09
879 .7094543E-09
880 .6832228E-09
881 .6534470E-09
882 .6445969E-09
883 .6642790E-09
884 .6730428E-09
885 .6320063E-09
886 .6154569E-09
887 .6184672E-09
888 .6255113E-09
889 .6015237E-09
890 .5737728E-09
891 .5775086E-09
892 .5863396E-09
893 .5989458E-09
894 .5867805E-09
895 .5755908E-09
896 .5593241E-09
897 .5596581E-09
898 .5604300E-09
899 .5784293E-09
900 .5857555E-09
901 .5502560E-09
902 .5397088E-09
903 .5520050E-09
904 .5616524E-09
905 .5506035E-09
906 .5512709E-09
907 .5398637E-09
908 .5406771E-09
909 .5420806E-09
910 .5371626E-09
911 .5492429E-09
912 .5442826E-09
913 .5386157E-09
914 .5517672E-09
915 .5453628E-09
916 .5367950E-09
917 .5539094E-09
918 .5491789E-09
919 .5761035E-09
920 .5597756E-09
921 .5750689E-09
922 .5740118E-09
923 .5706978E-09
924 .5596980E-09
925 .5597112E-09
926 .5708330E-09
927 .5605195E-09
928 .5445212E-09
929 .5391566E-09
930 .5141305E-09
931 .4716742E-09
932 .4226174E-09
933 .4159952E-09
934 .3698151E-09
935 .3881234E-09
936 .3716374E-09
937 .3949039E-09
938 .3791736E-09
939 .4388560E-09
940 .4553795E-09
941 .4450173E-09
942 .4228524E-09
943 .3881779E-09
944 .3788451E-09
945 .3907139E-09
946 .3754262E-09
947 .3842382E-09
948 .3928297E-09
949 .3948656E-09
950 .3456246E-09
951 .3953542E-09
952 .3552519E-09
953 .3634572E-09
954 .3778434E-09
955 .3668763E-09
956 .3671459E-09
957 .3461322E-09
958 .3755616E-09
959 .3444807E-09
960 .3587996E-09
961 .3551837E-09
962 .3617952E-09
963 .3563986E-09
964 .3541509E-09
965 .3512905E-09
966 .3672759E-09
967 .3349000E-09
968 .3465641E-09
969 .3420404E-09
970 .3399066E-09
971 .3490531E-09
972 .3334005E-09
973 .3472551E-09
974 .3315709E-09
975 .3286568E-09
976 .3191217E-09
977 .3360058E-09
978 .3246811E-09
979 .3205503E-09
980 .3254261E-09
981 .3092924E-09
982 .3161010E-09
983 .3208760E-09
984 .3238907E-09
985 .3194055E-09
986 .3157594E-09
987 .3102890E-09
988 .3231246E-09
989 .3075500E-09
990 .3115923E-09
991 .2893913E-09
992 .3117485E-09
993 .2867002E-09
994 .2869442E-09
995 .3110321E-09
996 .2955213E-09
997 .2950264E-09
998 .2942311E-09
999 .2945946E-09
1000 .2949874E-09
1001 .2939310E-09
1002 .2928750E-09
1003 .2918190E-09
1004 .2907630E-09
1005 .2897072E-09
1006 .2886513E-09
1007 .2875956E-09
1008 .2865394E-09
1009 .2854835E-09
1010 .2844277E-09
1011 .2833717E-09
1012 .2823156E-09
1013 .2812595E-09
1014 .2802030E-09
1015 .2791469E-09
1016 .2780904E-09
1017 .2770338E-09
1018 .2759771E-09
1019 .2749202E-09
1020 .2738632E-09
1021 .2728061E-09
1022 .2717487E-09
1023 .2706909E-09
1024 .2696331E-09
1025 .2685749E-09
1026 .2675167E-09
1027 .2664581E-09
1028 .2653992E-09
1029 .2643401E-09
1030 .2632805E-09
1031 .2622205E-09
1032 .2611607E-09
1033 .2601004E-09
1034 .2590395E-09
1035 .2579786E-09
1036 .2569173E-09
1037 .2558552E-09
1038 .2547931E-09
1039 .2537306E-09
1040 .2526675E-09
1041 .2516042E-09
1042 .2505403E-09
1043 .2494763E-09
1044 .2484116E-09
1045 .2473464E-09
1046 .2462809E-09
1047 .2452152E-09
1048 .2441488E-09
1049 .2430818E-09
1050 .2420146E-09
1051 .2409471E-09
1052 .2398791E-09
1053 .2388106E-09
1054 .2377416E-09
1055 .2366725E-09
1056 .2356028E-09
1057 .2345325E-09
1058 .2334620E-09
1059 .2323908E-09
1060 .2313197E-09
1061 .2302478E-09
1062 .2291755E-09
1063 .2281028E-09
1064 .2270298E-09
1065 .2259561E-09
1066 .2248823E-09
1067 .2238078E-09
1068 .2227331E-09
1069 .2216580E-09
1070 .2205823E-09
1071 .2195063E-09
1072 .2184299E-09
1073 .2173532E-09
1074 .2162760E-09
1075 .2151980E-09
1076 .2141202E-09
1077 .2130415E-09
1078 .2119627E-09
1079 .2108834E-09
1080 .2098036E-09
1081 .2087236E-09
1082 .2076430E-09
1083 .2065620E-09
1084 .2054805E-09
1085 .2043986E-09
1086 .2033165E-09
1087 .2022339E-09
1088 .2011509E-09
1089 .2000675E-09
1090 .1989834E-09
1091 .1978992E-09
1092 .1968148E-09
1093 .1957297E-09
1094 .1946442E-09
1095 .1935580E-09
1096 .1924719E-09
1097 .1913851E-09
1098 .1902981E-09
1099 .1892105E-09
1100 .1881226E-09
1101 .1870343E-09
1102 .1859455E-09
1103 .1848564E-09
1104 .1837667E-09
1105 .1826769E-09
1106 .1815865E-09
1107 .1804957E-09
1108 .1794045E-09
1109 .1783130E-09
1110 .1772210E-09
1111 .1761287E-09
1112 .1750360E-09
1113 .1739428E-09
1114 .1728492E-09
1115 .1717553E-09
1116 .1706608E-09
1117 .1695662E-09
1118 .1684710E-09
1119 .1673754E-09
1120 .1662796E-09
1121 .1651830E-09
1122 .1640865E-09
1123 .1629892E-09
1124 .1618917E-09
1125 .1607938E-09
1126 .1596955E-09
1127 .1585968E-09
1128 .1574977E-09
1129 .1563983E-09
1130 .1552985E-09
1131 .1552714E-09
1132 .1552444E-09
1133 .1552178E-09
1134 .1551909E-09
1135 .1551641E-09
1136 .1551375E-09
1137 .1551109E-09
1138 .1550844E-09
1139 .1550579E-09
1140 .1550316E-09
1141 .1550053E-09
1142 .1549791E-09
1143 .1549530E-09
1144 .1549270E-09
1145 .1549011E-09
1146 .1548750E-09
1147 .1548492E-09
1148 .1548235E-09
1149 .1547976E-09
1150 .1547721E-09
1151 .1547466E-09
1152 .1547212E-09
1153 .1546958E-09
1154 .1546705E-09
1155 .1546453E-09
1156 .1546202E-09
1157 .1545951E-09
1158 .1545702E-09
1159 .1545454E-09
1160 .1545204E-09
1161 .1544959E-09
1162 .1544712E-09
1163 .1544467E-09
1164 .1544223E-09
1165 .1543978E-09
1166 .1543735E-09
1167 .1543493E-09
1168 .1543252E-09
1169 .1543014E-09
1170 .1542773E-09
1171 .1542535E-09
1172 .1542297E-09
1173 .1542062E-09
1174 .1541826E-09
1175 .1541590E-09
1176 .1541356E-09
1177 .1541123E-09
1178 .1540890E-09
1179 .1540660E-09
1180 .1540430E-09
1181 .1540201E-09
1182 .1539973E-09
1183 .1539745E-09
1184 .1539520E-09
1185 .1539292E-09
1186 .1539068E-09
1187 .1538845E-09
1188 .1538622E-09
1189 .1538402E-09
1190 .1538180E-09
1191 .1537961E-09
1192 .1537741E-09
1193 .1537523E-09
1194 .1537307E-09
1195 .1537090E-09
1196 .1536876E-09
1197 .1536663E-09
1198 .1536450E-09
1199 .1536238E-09
1200 .1536028E-09
1201 .1535817E-09
1202 .1535610E-09
1203 .1535401E-09
1204 .1535195E-09
1205 .1534991E-09
1206 .1534785E-09
1207 .1534581E-09
1208 .1534380E-09
1209 .1534178E-09
1210 .1533977E-09
1211 .1533779E-09
1212 .1533580E-09
1213 .1533381E-09
1214 .1533187E-09
1215 .1532994E-09
1216 .1532798E-09
1217 .1532606E-09
1218 .1532413E-09
1219 .1532223E-09
1220 .1532034E-09
1221 .1531844E-09
1222 .1531657E-09
1223 .1531472E-09
1224 .1531287E-09
1225 .1531103E-09
1226 .1530921E-09
1227 .1530738E-09
1228 .1530559E-09
1229 .1530380E-09
1230 .1530200E-09
1231 .1530024E-09
1232 .1529848E-09
1233 .1529673E-09
1234 .1529499E-09
1235 .1529327E-09
1236 .1529153E-09
1237 .1528984E-09
1238 .1528815E-09
1239 .1528647E-09
1240 .1528481E-09
1241 .1528315E-09
1242 .1528151E-09
1243 .1527988E-09
1244 .1527826E-09
1245 .1527665E-09
1246 .1527505E-09
1247 .1527348E-09
1248 .1527190E-09
1249 .1527034E-09
1250 .1526879E-09
1251 .1527200E-09
1252 .1527525E-09
1253 .1527847E-09
1254 .1528171E-09
1255 .1528492E-09
1256 .1528816E-09
1257 .1529139E-09
1258 .1529462E-09
1259 .1529787E-09
1260 .1530112E-09
1261 .1530435E-09
1262 .1530761E-09
1263 .1531083E-09
1264 .1531409E-09
1265 .1531734E-09
1266 .1532060E-09
1267 .1532388E-09
1268 .1532713E-09
1269 .1533038E-09
1270 .1533367E-09
1271 .1533693E-09
1272 .1534018E-09
1273 .1534347E-09
1274 .1534678E-09
1275 .1535006E-09
1276 .1535332E-09
1277 .1535662E-09
1278 .1535992E-09
1279 .1536321E-09
1280 .1536652E-09
1281 .1536984E-09
1282 .1537313E-09
1283 .1537645E-09
1284 .1537979E-09
1285 .1538309E-09
1286 .1538641E-09
1287 .1538976E-09
1288 .1539308E-09
1289 .1539642E-09
1290 .1539977E-09
1291 .1540311E-09
1292 .1540649E-09
1293 .1540982E-09
1294 .1541321E-09
1295 .1541657E-09
1296 .1541994E-09
1297 .1542332E-09
1298 .1542669E-09
1299 .1543009E-09
1300 .1543348E-09
1301 .1543690E-09
1302 .1544028E-09
1303 .1544369E-09
1304 .1544710E-09
1305 .1545052E-09
1306 .1545395E-09
1307 .1545739E-09
1308 .1546082E-09
1309 .1546426E-09
1310 .1546771E-09
1311 .1547117E-09
1312 .1547463E-09
1313 .1547809E-09
1314 .1548157E-09
1315 .1548504E-09
1316 .1548851E-09
1317 .1549203E-09
1318 .1549552E-09
1319 .1549900E-09
1320 .1550253E-09
1321 .1550604E-09
1322 .1550955E-09
1323 .1551309E-09
1324 .1551661E-09
1325 .1552014E-09
1326 .1552371E-09
1327 .1552725E-09
1328 .1553081E-09
1329 .1553438E-09
1330 .1553797E-09
1331 .1554153E-09
1332 .1554512E-09
1333 .1554871E-09
1334 .1555231E-09
1335 .1555592E-09
1336 .1555954E-09
1337 .1556317E-09
1338 .1556678E-09
1339 .1557043E-09
1340 .1557407E-09
1341 .1557772E-09
1342 .1558138E-09
1343 .1558503E-09
1344 .1558872E-09
1345 .1559239E-09
1346 .1559608E-09
1347 .1559978E-09
1348 .1560346E-09
1349 .1560718E-09
1350 .1561090E-09
1351 .1561464E-09
1352 .1561836E-09
1353 .1562212E-09
1354 .1562585E-09
1355 .1562960E-09
1356 .1563336E-09
1357 .1563715E-09
1358 .1564091E-09
1359 .1564471E-09
1360 .1564850E-09
1361 .1565231E-09
1362 .1565614E-09
1363 .1565993E-09
1364 .1566377E-09
1365 .1566761E-09
1366 .1567145E-09
1367 .1567532E-09
1368 .1567918E-09
1369 .1568303E-09
1370 .1568690E-09
1371 .1560821E-09
1372 .1552949E-09
1373 .1545074E-09
1374 .1537195E-09
1375 .1529310E-09
1376 .1521425E-09
1377 .1513535E-09
1378 .1505641E-09
1379 .1497748E-09
1380 .1489847E-09
1381 .1481944E-09
1382 .1474037E-09
1383 .1466129E-09
1384 .1458216E-09
1385 .1450300E-09
1386 .1442380E-09
1387 .1434457E-09
1388 .1426530E-09
1389 .1418601E-09
1390 .1410667E-09
1391 .1402731E-09
1392 .1394790E-09
1393 .1386847E-09
1394 .1378899E-09
1395 .1370949E-09
1396 .1362995E-09
1397 .1355038E-09
1398 .1347076E-09
1399 .1339110E-09
1400 .1331144E-09
1401 .1323171E-09
1402 .1315196E-09
1403 .1307217E-09
1404 .1299235E-09
1405 .1291249E-09
1406 .1283257E-09
1407 .1275264E-09
1408 .1267267E-09
1409 .1259266E-09
1410 .1251262E-09
1411 .1243253E-09
1412 .1235242E-09
1413 .1227225E-09
1414 .1219206E-09
1415 .1211183E-09
1416 .1203156E-09
1417 .1195126E-09
1418 .1187091E-09
1419 .1179053E-09
1420 .1171011E-09
1421 .1162965E-09
1422 .1154915E-09
1423 .1146862E-09
1424 .1138804E-09
1425 .1130743E-09
1426 .1122677E-09
1427 .1114608E-09
1428 .1106534E-09
1429 .1098458E-09
1430 .1090377E-09
1431 .1082292E-09
1432 .1074203E-09
1433 .1066110E-09
1434 .1058013E-09
1435 .1049912E-09
1436 .1041807E-09
1437 .1033697E-09
1438 .1025585E-09
1439 .1017466E-09
1440 .1009346E-09
1441 .1001220E-09
1442 .9930903E-10
1443 .9849563E-10
1444 .9768185E-10
1445 .9686762E-10
1446 .9605303E-10
1447 .9523786E-10
1448 .9442245E-10
1449 .9360654E-10
1450 .9279020E-10
1451 .9197342E-10
1452 .9115625E-10
1453 .9033865E-10
1454 .8952054E-10
1455 .8870207E-10
1456 .8788313E-10
1457 .8706381E-10
1458 .8624400E-10
1459 .8542376E-10
1460 .8460306E-10
1461 .8378189E-10
1462 .8296035E-10
1463 .8213831E-10
1464 .8131586E-10
1465 .8049295E-10
1466 .7966959E-10
1467 .7884574E-10
1468 .7802141E-10
1469 .7719674E-10
1470 .7637151E-10
1471 .7554586E-10
1472 .7471973E-10
1473 .7389315E-10
1474 .7306606E-10
1475 .7223857E-10
1476 .7141056E-10
1477 .7058214E-10
1478 .6975320E-10
1479 .6892377E-10
1480 .6809389E-10
1481 .6726356E-10
1482 .6643268E-10
1483 .6560137E-10
1484 .6476955E-10
1485 .6393721E-10
1486 .6310445E-10
1487 .6227119E-10
1488 .6143742E-10
1489 .6060316E-10
1490 .5976842E-10
1491 .5893318E-10
1492 .5809739E-10
1493 .5726114E-10
1494 .5642432E-10
1495 .5558705E-10
1496 .5474927E-10
1497 .5391097E-10
1498 .5307214E-10
1499 .5223280E-10
1500 .5139294E-10
1501 .5140948E-10
1502 .5142605E-10
1503 .5144267E-10
1504 .5145928E-10
1505 .5147593E-10
1506 .5149261E-10
1507 .5150931E-10
1508 .5152606E-10
1509 .5154287E-10
1510 .5155964E-10
1511 .5157643E-10
1512 .5159326E-10
1513 .5161017E-10
1514 .5162703E-10
1515 .5164397E-10
1516 .5166092E-10
1517 .5167790E-10
1518 .5169486E-10
1519 .5171189E-10
1520 .5172892E-10
1521 .5174600E-10
1522 .5176306E-10
1523 .5178019E-10
1524 .5179727E-10
1525 .5181443E-10
1526 .5183160E-10
1527 .5184879E-10
1528 .5186597E-10
1529 .5188319E-10
1530 .5190046E-10
1531 .5191768E-10
1532 .5193497E-10
1533 .5195224E-10
1534 .5196956E-10
1535 .5198687E-10
1536 .5200421E-10
1537 .5202157E-10
1538 .5203893E-10
1539 .5205631E-10
1540 .5207371E-10
1541 .5209115E-10
1542 .5210853E-10
1543 .5212601E-10
1544 .5214344E-10
1545 .5216088E-10
1546 .5217838E-10
1547 .5219587E-10
1548 .5221334E-10
1549 .5223087E-10
1550 .5224835E-10
1551 .5226588E-10
1552 .5228341E-10
1553 .5230093E-10
1554 .5231850E-10
1555 .5233606E-10
1556 .5235360E-10
1557 .5237117E-10
1558 .5238875E-10
1559 .5240632E-10
1560 .5242390E-10
1561 .5244148E-10
1562 .5245908E-10
1563 .5247665E-10
1564 .5249426E-10
1565 .5251186E-10
1566 .5252948E-10
1567 .5254711E-10
1568 .5256472E-10
1569 .5258230E-10
1570 .5259989E-10
1571 .5261750E-10
1572 .5263512E-10
1573 .5265275E-10
1574 .5267036E-10
1575 .5268793E-10
1576 .5270554E-10
1577 .5272316E-10
1578 .5274074E-10
1579 .5275831E-10
1580 .5277593E-10
1581 .5279349E-10
1582 .5281110E-10
1583 .5282865E-10
1584 .5284624E-10
1585 .5286380E-10
1586 .5288135E-10
1587 .5289888E-10
1588 .5291643E-10
1589 .5293398E-10
1590 .5295151E-10
1591 .5296899E-10
1592 .5298652E-10
1593 .5300401E-10
1594 .5302149E-10
1595 .5303898E-10
1596 .5305641E-10
1597 .5307387E-10
1598 .5309130E-10
1599 .5310873E-10
1600 .5312613E-10
1601 .5314355E-10
1602 .5316090E-10
1603 .5317829E-10
1604 .5319564E-10
1605 .5321299E-10
1606 .5323030E-10
1607 .5324762E-10
1608 .5326491E-10
1609 .5328215E-10
1610 .5329939E-10
1611 .5331664E-10
1612 .5333384E-10
1613 .5335104E-10
1614 .5336823E-10
1615 .5338536E-10
1616 .5340249E-10
1617 .5341960E-10
1618 .5343669E-10
1619 .5345375E-10
1620 .5347082E-10
1621 .5348782E-10
1622 .5350484E-10
1623 .5352179E-10
1624 .5353877E-10
1625 .5355566E-10
1626 .5355949E-10
1627 .5356326E-10
1628 .5356706E-10
1629 .5357086E-10
1630 .5357461E-10
1631 .5357835E-10
1632 .5358212E-10
1633 .5358583E-10
1634 .5358957E-10
1635 .5359326E-10
1636 .5359694E-10
1637 .5360061E-10
1638 .5360428E-10
1639 .5360790E-10
1640 .5361151E-10
1641 .5361511E-10
1642 .5361868E-10
1643 .5362227E-10
1644 .5362580E-10
1645 .5362934E-10
1646 .5363285E-10
1647 .5363633E-10
1648 .5363978E-10
1649 .5364324E-10
1650 .5364668E-10
1651 .5365007E-10
1652 .5365342E-10
1653 .5365678E-10
1654 .5366010E-10
1655 .5366341E-10
1656 .5366668E-10
1657 .5366995E-10
1658 .5367319E-10
1659 .5367635E-10
1660 .5367955E-10
1661 .5368268E-10
1662 .5368579E-10
1663 .5368888E-10
1664 .5369193E-10
1665 .5369497E-10
1666 .5369797E-10
1667 .5370091E-10
1668 .5370385E-10
1669 .5370679E-10
1670 .5370963E-10
1671 .5371248E-10
1672 .5371525E-10
1673 .5371803E-10
1674 .5372076E-10
1675 .5372350E-10
1676 .5372612E-10
1677 .5372877E-10
1678 .5373135E-10
1679 .5373391E-10
1680 .5373646E-10
1681 .5373892E-10
1682 .5374138E-10
1683 .5374377E-10
1684 .5374615E-10
1685 .5374849E-10
1686 .5375075E-10
1687 .5375303E-10
1688 .5375523E-10
1689 .5375743E-10
1690 .5375954E-10
1691 .5376165E-10
1692 .5376373E-10
1693 .5376576E-10
1694 .5376777E-10
1695 .5376969E-10
1696 .5377161E-10
1697 .5377349E-10
1698 .5377534E-10
1699 .5377714E-10
1700 .5377890E-10
1701 .5378065E-10
1702 .5378233E-10
1703 .5378398E-10
1704 .5378562E-10
1705 .5378720E-10
1706 .5378875E-10
1707 .5379026E-10
1708 .5379174E-10
1709 .5379316E-10
1710 .5379456E-10
1711 .5379594E-10
1712 .5379725E-10
1713 .5379855E-10
1714 .5379983E-10
1715 .5380103E-10
1716 .5380221E-10
1717 .5380335E-10
1718 .5380449E-10
1719 .5380555E-10
1720 .5380661E-10
1721 .5380759E-10
1722 .5380857E-10
1723 .5380949E-10
1724 .5381037E-10
1725 .5381123E-10
1726 .5381206E-10
1727 .5381281E-10
1728 .5381359E-10
1729 .5381431E-10
1730 .5381500E-10
1731 .5381563E-10
1732 .5381626E-10
1733 .5381681E-10
1734 .5381736E-10
1735 .5381787E-10
1736 .5381830E-10
1737 .5381873E-10
1738 .5381915E-10
1739 .5381953E-10
1740 .5381983E-10
1741 .5382015E-10
1742 .5382040E-10
1743 .5382061E-10
1744 .5382081E-10
1745 .5382095E-10
1746 .5382109E-10
1747 .5382115E-10
1748 .5382119E-10
1749 .5382123E-10
1750 .5382119E-10
1751 .5382114E-10
1752 .5382107E-10
1753 .5382093E-10
1754 .5382078E-10
1755 .5382057E-10
1756 .5382034E-10
1757 .5382006E-10
1758 .5381980E-10
1759 .5381944E-10
1760 .5381910E-10
1761 .5381869E-10
1762 .5381826E-10
1763 .5381780E-10
1764 .5381730E-10
1765 .5381677E-10
1766 .5381618E-10
1767 .5381559E-10
1768 .5381497E-10
1769 .5381428E-10
1770 .5381358E-10
1771 .5381285E-10
1772 .5381207E-10
1773 .5381127E-10
1774 .5381044E-10
1775 .5380957E-10
1776 .5380867E-10
1777 .5380775E-10
1778 .5380677E-10
1779 .5380578E-10
1780 .5380472E-10
1781 .5380363E-10
1782 .5380254E-10
1783 .5380144E-10
1784 .5380025E-10
1785 .5379907E-10
1786 .5379784E-10
1787 .5379655E-10
1788 .5379524E-10
1789 .5379395E-10
1790 .5379257E-10
1791 .5379117E-10
1792 .5378976E-10
1793 .5378827E-10
1794 .5378679E-10
1795 .5378525E-10
1796 .5378370E-10
1797 .5378210E-10
1798 .5378054E-10
1799 .5377886E-10
1800 .5377715E-10
1801 .5362343E-10
1802 .5346966E-10
1803 .5331591E-10
1804 .5316212E-10
1805 .5300831E-10
1806 .5285444E-10
1807 .5270063E-10
1808 .5254674E-10
1809 .5239287E-10
1810 .5223896E-10
1811 .5208502E-10
1812 .5193104E-10
1813 .5177709E-10
1814 .5162309E-10
1815 .5146910E-10
1816 .5131507E-10
1817 .5116103E-10
1818 .5100695E-10
1819 .5085291E-10
1820 .5069878E-10
1821 .5054470E-10
1822 .5039055E-10
1823 .5023641E-10
1824 .5008228E-10
1825 .4992809E-10
1826 .4977392E-10
1827 .4961972E-10
1828 .4946552E-10
1829 .4931129E-10
1830 .4915706E-10
1831 .4900283E-10
1832 .4884857E-10
1833 .4869428E-10
1834 .4854000E-10
1835 .4838566E-10
1836 .4823136E-10
1837 .4807706E-10
1838 .4792271E-10
1839 .4776836E-10
1840 .4761401E-10
1841 .4745968E-10
1842 .4730530E-10
1843 .4715092E-10
1844 .4699653E-10
1845 .4684214E-10
1846 .4668772E-10
1847 .4653331E-10
1848 .4637889E-10
1849 .4622443E-10
1850 .4607005E-10
1851 .4591558E-10
1852 .4576111E-10
1853 .4560666E-10
1854 .4545217E-10
1855 .4529774E-10
1856 .4514326E-10
1857 .4498880E-10
1858 .4483430E-10
1859 .4467980E-10
1860 .4452531E-10
1861 .4437081E-10
1862 .4421633E-10
1863 .4406180E-10
1864 .4390731E-10
1865 .4375279E-10
1866 .4359829E-10
1867 .4344376E-10
1868 .4328926E-10
1869 .4313474E-10
1870 .4298021E-10
1871 .4282570E-10
1872 .4267118E-10
1873 .4251667E-10
1874 .4236212E-10
1875 .4220761E-10
1876 .4205310E-10
1877 .4189856E-10
1878 .4174402E-10
1879 .4158951E-10
1880 .4143501E-10
1881 .4128050E-10
1882 .4112598E-10
1883 .4097147E-10
1884 .4081695E-10
1885 .4066243E-10
1886 .4050797E-10
1887 .4035343E-10
1888 .4019894E-10
1889 .4004444E-10
1890 .3988997E-10
1891 .3973549E-10
1892 .3958101E-10
1893 .3942653E-10
1894 .3927204E-10
1895 .3911759E-10
1896 .3896312E-10
1897 .3880867E-10
1898 .3865424E-10
1899 .3849982E-10
1900 .3834539E-10
1901 .3819095E-10
1902 .3803653E-10
1903 .3788211E-10
1904 .3772772E-10
1905 .3757333E-10
1906 .3741893E-10
1907 .3726460E-10
1908 .3711020E-10
1909 .3695584E-10
1910 .3680150E-10
1911 .3664715E-10
1912 .3649281E-10
1913 .3633851E-10
1914 .3618419E-10
1915 .3602990E-10
1916 .3587560E-10
1917 .3572133E-10
1918 .3556708E-10
1919 .3541282E-10
1920 .3525859E-10
1921 .3510433E-10
1922 .3495014E-10
1923 .3479594E-10
1924 .3464174E-10
1925 .3448756E-10
1926 .3433342E-10
1927 .3417925E-10
1928 .3402514E-10
1929 .3387102E-10
1930 .3371688E-10
1931 .3356281E-10
1932 .3340874E-10
1933 .3325466E-10
1934 .3310061E-10
1935 .3294661E-10
1936 .3279259E-10
1937 .3263857E-10
1938 .3248462E-10
1939 .3233065E-10
1940 .3217669E-10
1941 .3202277E-10
1942 .3186886E-10
1943 .3171494E-10
1944 .3156107E-10
1945 .3140723E-10
1946 .3125338E-10
1947 .3109958E-10
1948 .3094575E-10
1949 .3079199E-10
1950 .3063819E-10
1951 .3048447E-10
1952 .3033074E-10
1953 .3017705E-10
1954 .3002337E-10
1955 .2986969E-10
1956 .2971605E-10
1957 .2956244E-10
1958 .2940883E-10
1959 .2925525E-10
1960 .2910170E-10
1961 .2894815E-10
1962 .2879465E-10
1963 .2864117E-10
1964 .2848768E-10
1965 .2833426E-10
1966 .2818085E-10
1967 .2802745E-10
1968 .2787408E-10
1969 .2772073E-10
1970 .2756745E-10
1971 .2741415E-10
1972 .2726088E-10
1973 .2710765E-10
1974 .2695445E-10
1975 .2680128E-10
1976 .2664812E-10
1977 .2649501E-10
1978 .2634191E-10
1979 .2618885E-10
1980 .2603582E-10
1981 .2588284E-10
1982 .2572985E-10
1983 .2557692E-10
1984 .2542402E-10
1985 .2527116E-10
1986 .2511832E-10
1987 .2496551E-10
1988 .2481275E-10
1989 .2466000E-10
1990 .2450729E-10
1991 .2435462E-10
1992 .2420200E-10
1993 .2404940E-10
1994 .2389682E-10
1995 .2374428E-10
1996 .2359181E-10
1997 .2343935E-10
1998 .2328692E-10
1999 .2313453E-10
2000 .2298219E-10
2001 .2282987E-10
2002 .2267760E-10
2003 .2252535E-10
2004 .2237315E-10
2005 .2222097E-10
2006 .2206884E-10
2007 .2191676E-10
2008 .2176472E-10
2009 .2161271E-10
2010 .2146073E-10
2011 .2145804E-10
2012 .2145539E-10
2013 .2145271E-10
2014 .2145005E-10
2015 .2144738E-10
2016 .2144472E-10
2017 .2144205E-10
2018 .2143941E-10
2019 .2143676E-10
2020 .2143411E-10
2021 .2143147E-10
2022 .2142882E-10
2023 .2142618E-10
2024 .2142356E-10
2025 .2142093E-10
2026 .2141830E-10
2027 .2141567E-10
2028 .2141306E-10
2029 .2141047E-10
2030 .2140786E-10
2031 .2140529E-10
2032 .2140271E-10
2033 .2140011E-10
2034 .2139751E-10
2035 .2139496E-10
2036 .2139240E-10
2037 .2138986E-10
2038 .2138731E-10
2039 .2138476E-10
2040 .2138226E-10
2041 .2137970E-10
2042 .2137719E-10
2043 .2137470E-10
2044 .2137219E-10
2045 .2136972E-10
2046 .2136723E-10
2047 .2136475E-10
2048 .2136230E-10
2049 .2135986E-10
2050 .2135741E-10
2051 .2135498E-10
2052 .2135256E-10
2053 .2135016E-10
2054 .2134777E-10
2055 .2134538E-10
2056 .2134300E-10
2057 .2134065E-10
2058 .2133831E-10
2059 .2133596E-10
2060 .2133362E-10
2061 .2133132E-10
2062 .2132902E-10
2063 .2132673E-10
2064 .2132445E-10
2065 .2132217E-10
2066 .2131994E-10
2067 .2131769E-10
2068 .2131548E-10
2069 .2131327E-10
2070 .2131106E-10
2071 .2130891E-10
2072 .2130673E-10
2073 .2130458E-10
2074 .2130246E-10
2075 .2130035E-10
2076 .2129824E-10
2077 .2129616E-10
2078 .2129408E-10
2079 .2129202E-10
2080 .2129000E-10
2081 .2128797E-10
2082 .2128597E-10
2083 .2128399E-10
2084 .2128200E-10
2085 .2128007E-10
2086 .2127813E-10
2087 .2127620E-10
2088 .2127433E-10
2089 .2127243E-10
2090 .2127056E-10
2091 .2126873E-10
2092 .2126690E-10
2093 .2126510E-10
2094 .2126331E-10
2095 .2126154E-10
2096 .2125979E-10
2097 .2125808E-10
2098 .2125638E-10
2099 .2125469E-10
2100 .2125302E-10
2101 .2125137E-10
2102 .2124977E-10
2103 .2124815E-10
2104 .2124658E-10
2105 .2124504E-10
2106 .2124350E-10
2107 .2124196E-10
2108 .2124048E-10
2109 .2123901E-10
2110 .2123756E-10
2111 .2123616E-10
2112 .2123474E-10
2113 .2123337E-10
2114 .2123203E-10
2115 .2123069E-10
2116 .2122937E-10
2117 .2122810E-10
2118 .2122686E-10
2119 .2122562E-10
2120 .2122442E-10
2121 .2122325E-10
2122 .2122209E-10
2123 .2122095E-10
2124 .2121986E-10
2125 .2121875E-10
2126 .2121774E-10
2127 .2121671E-10
2128 .2121570E-10
2129 .2121474E-10
2130 .2121378E-10
2131 .2121286E-10
2132 .2121199E-10
2133 .2121110E-10
2134 .2121027E-10
2135 .2120949E-10
2136 .2120870E-10
2137 .2120794E-10
2138 .2120722E-10
2139 .2120653E-10
2140 .2120587E-10
2141 .2120524E-10
2142 .2120462E-10
2143 .2120406E-10
2144 .2120351E-10
2145 .2120300E-10
2146 .2120253E-10
2147 .2120207E-10
2148 .2120164E-10
2149 .2120126E-10
2150 .2120090E-10
2151 .2120058E-10
2152 .2120027E-10
2153 .2120000E-10
2154 .2119976E-10
2155 .2119958E-10
2156 .2119941E-10
2157 .2119927E-10
2158 .2119917E-10
2159 .2119911E-10
2160 .2119908E-10
2161 .2119907E-10
2162 .2119910E-10
2163 .2119918E-10
2164 .2119926E-10
2165 .2119941E-10
2166 .2119957E-10
2167 .2119979E-10
2168 .2120002E-10
2169 .2120029E-10
2170 .2120061E-10
2171 .2120096E-10
2172 .2120136E-10
2173 .2120177E-10
2174 .2120222E-10
2175 .2120271E-10
2176 .2120325E-10
2177 .2120381E-10
2178 .2120442E-10
2179 .2120506E-10
2180 .2120575E-10
2181 .2120647E-10
2182 .2120722E-10
2183 .2120801E-10
2184 .2120883E-10
2185 .2120972E-10
2186 .2121062E-10
2187 .2121158E-10
2188 .2121256E-10
2189 .2121359E-10
2190 .2121465E-10
2191 .2121576E-10
2192 .2121692E-10
2193 .2121814E-10
2194 .2121935E-10
2195 .2122063E-10
2196 .2122193E-10
2197 .2122328E-10
2198 .2122467E-10
2199 .2122612E-10
2200 .2122761E-10
2201 .2122914E-10
2202 .2123070E-10
2203 .2123229E-10
2204 .2123395E-10
2205 .2123564E-10
2206 .2123739E-10
2207 .2123919E-10
2208 .2124102E-10
2209 .2124288E-10
2210 .2124480E-10
2211 .2124675E-10
2212 .2124875E-10
2213 .2125081E-10
2214 .2125289E-10
2215 .2125504E-10
2216 .2125723E-10
2217 .2125946E-10
2218 .2126173E-10
2219 .2126407E-10
2220 .2126645E-10
2221 .2126886E-10
2222 .2127133E-10
2223 .2127383E-10
2224 .2127639E-10
2225 .2127901E-10
2226 .2128165E-10
2227 .2128438E-10
2228 .2128713E-10
2229 .2128994E-10
2230 .2129280E-10
2231 .2129568E-10
2232 .2129863E-10
2233 .2130163E-10
2234 .2130469E-10
2235 .2130778E-10
2236 .2131095E-10
2237 .2131412E-10
2238 .2131738E-10
2239 .2132067E-10
2240 .2132404E-10
2241 .2132743E-10
2242 .2133090E-10
2243 .2133441E-10
2244 .2133796E-10
2245 .2134158E-10
2246 .2134521E-10
2247 .2134891E-10
2248 .2135265E-10
2249 .2135647E-10
2250 .2136031E-10
2251 .2136423E-10
2252 .2136817E-10
2253 .2137215E-10
2254 .2137621E-10
2255 .2138030E-10
2256 .2138442E-10
2257 .2138862E-10
2258 .2139283E-10
2259 .2139715E-10
2260 .2140148E-10
2261 .2140584E-10
2262 .2141027E-10
2263 .2141473E-10
2264 .2141926E-10
2265 .2142381E-10
2266 .2142842E-10
2267 .2143306E-10
2268 .2143778E-10
2269 .2144252E-10
2270 .2144731E-10
2271 .2145215E-10
2272 .2145702E-10
2273 .2146196E-10
2274 .2146692E-10
2275 .2147194E-10
2276 .2147702E-10
2277 .2148209E-10
2278 .2148727E-10
2279 .2149245E-10
2280 .2149770E-10
2281 .2150297E-10
2282 .2150830E-10
2283 .2151366E-10
2284 .2151908E-10
2285 .2152453E-10
2286 .2153002E-10
2287 .2153557E-10
2288 .2154115E-10
2289 .2154678E-10
2290 .2155245E-10
2291 .2155816E-10
2292 .2156390E-10
2293 .2156969E-10
2294 .2157550E-10
2295 .2158139E-10
2296 .2158732E-10
2297 .2159328E-10
2298 .2159929E-10
2299 .2160530E-10
2300 .2161138E-10
2301 .2161751E-10
2302 .2162367E-10
2303 .2162987E-10
2304 .2163611E-10
2305 .2164238E-10
2306 .2164870E-10
2307 .2165506E-10
2308 .2166145E-10
2309 .2166790E-10
2310 .2167436E-10
2311 .2168088E-10
2312 .2168743E-10
2313 .2169401E-10
2314 .2170062E-10
2315 .2170730E-10
2316 .2171401E-10
2317 .2172074E-10
2318 .2172752E-10
2319 .2173433E-10
2320 .2174119E-10
2321 .2174809E-10
2322 .2175500E-10
2323 .2176197E-10
2324 .2176898E-10
2325 .2177601E-10
2326 .2178307E-10
2327 .2179018E-10
2328 .2179733E-10
2329 .2180452E-10
2330 .2181172E-10
2331 .2181897E-10
2332 .2182626E-10
2333 .2183358E-10
2334 .2184095E-10
2335 .2184835E-10
2336 .2185576E-10
2337 .2186322E-10
2338 .2187071E-10
2339 .2187823E-10
2340 .2188580E-10
2341 .2189340E-10
2342 .2190102E-10
2343 .2190866E-10
2344 .2191636E-10
2345 .2192409E-10
2346 .2193184E-10
2347 .2193963E-10
2348 .2194747E-10
2349 .2195534E-10
2350 .2196321E-10
2351 .2197113E-10
2352 .2197909E-10
2353 .2198707E-10
2354 .2199509E-10
2355 .2200314E-10
2356 .2201122E-10
2357 .2201933E-10
2358 .2202747E-10
2359 .2203563E-10
2360 .2204383E-10
2361 .2205206E-10
2362 .2206031E-10
2363 .2206861E-10
2364 .2207692E-10
2365 .2208528E-10
2366 .2209365E-10
2367 .2210206E-10
2368 .2211053E-10
2369 .2211898E-10
2370 .2212745E-10
2371 .2213599E-10
2372 .2214454E-10
2373 .2215313E-10
2374 .2216172E-10
2375 .2217035E-10
2376 .2217902E-10
2377 .2218772E-10
2378 .2219643E-10
2379 .2220517E-10
2380 .2221395E-10
2381 .2222274E-10
2382 .2223157E-10
2383 .2224042E-10
2384 .2224930E-10
2385 .2225820E-10
2386 .2226713E-10
2387 .2227608E-10
2388 .2228506E-10
2389 .2229406E-10
2390 .2230309E-10
2391 .2231214E-10
2392 .2232126E-10
2393 .2233034E-10
2394 .2233948E-10
2395 .2234864E-10
2396 .2235781E-10
2397 .2236702E-10
2398 .2237625E-10
2399 .2238547E-10
2400 .2239475E-10
2401 .2240405E-10
2402 .2241337E-10
2403 .2242272E-10
2404 .2243209E-10
2405 .2244147E-10
2406 .2245088E-10
2407 .2246031E-10
2408 .2246978E-10
2409 .2247924E-10
2410 .2248873E-10
2411 .2249824E-10
2412 .2250780E-10
2413 .2251736E-10
2414 .2252695E-10
2415 .2253654E-10
2416 .2254617E-10
2417 .2255583E-10
2418 .2256548E-10
2419 .2257516E-10
2420 .2258487E-10
2421 .2259458E-10
2422 .2260434E-10
2423 .2261409E-10
2424 .2262388E-10
2425 .2263367E-10
2426 .2264350E-10
2427 .2265332E-10
2428 .2266319E-10
2429 .2267306E-10
2430 .2268294E-10
2431 .2269286E-10
2432 .2270280E-10
2433 .2271274E-10
2434 .2272269E-10
2435 .2273267E-10
2436 .2274268E-10
2437 .2275268E-10
2438 .2276270E-10
2439 .2277275E-10
2440 .2278281E-10
2441 .2279288E-10
2442 .2280300E-10
2443 .2281309E-10
2444 .2282320E-10
2445 .2283335E-10
2446 .2284348E-10
2447 .2285367E-10
2448 .2286386E-10
2449 .2287405E-10
2450 .2288428E-10
2451 .2289448E-10
2452 .2290473E-10
2453 .2291498E-10
2454 .2292527E-10
2455 .2293552E-10
2456 .2294583E-10
2457 .2295613E-10
2458 .2296644E-10
2459 .2297678E-10
2460 .2298715E-10
2461 .2299747E-10
2462 .2300785E-10
2463 .2301822E-10
2464 .2302863E-10
2465 .2303902E-10
2466 .2304943E-10
2467 .2305985E-10
2468 .2307029E-10
2469 .2308072E-10
2470 .2309118E-10
2471 .2310166E-10
2472 .2311213E-10
2473 .2312262E-10
2474 .2313312E-10
2475 .2314360E-10
2476 .2315414E-10
2477 .2316467E-10
2478 .2317520E-10
2479 .2318573E-10
2480 .2319629E-10
2481 .2320683E-10
2482 .2321739E-10
2483 .2322799E-10
2484 .2323857E-10
2485 .2324915E-10
2486 .2325972E-10
2487 .2327033E-10
2488 .2328096E-10
2489 .2329156E-10
2490 .2330218E-10
2491 .2331283E-10
2492 .2332345E-10
2493 .2333410E-10
2494 .2334474E-10
2495 .2335538E-10
2496 .2336602E-10
2497 .2337670E-10
2498 .2338737E-10
2499 .2339804E-10
2500 .2340873E-10
