100 .6740437E-14
101 .2637302E-13
102 .7144225E-13
103 .1582745E-12
104 .3079131E-12
105 .5462246E-12
106 .9037771E-12
107 .1415460E-11
108 .2119860E-11
109 .3058340E-11
110 .4273889E-11
111 .5809728E-11
112 .7707666E-11
113 .1000634E-10
114 .1273923E-10
115 .1593275E-10
116 .1960414E-10
117 .2375951E-10
118 .2839219E-10
119 .3348089E-10
120 .3898854E-10
121 .4486139E-10
122 .5102829E-10
123 .5740118E-10
124 .6387530E-10
125 .7033068E-10
126 .7664692E-10
127 .8275121E-10
128 .8859491E-10
129 .9414306E-10
130 .9937509E-10
131 .1042848E-09
132 .1088798E-09
133 .1131815E-09
134 .1172236E-09
135 .1210517E-09
136 .1247224E-09
137 .1283022E-09
138 .1318650E-09
139 .1354459E-09
140 .1390361E-09
141 .1426235E-09
142 .1461960E-09
143 .1497411E-09
144 .1532462E-09
145 .1566995E-09
146 .1600891E-09
147 .1634039E-09
148 .1666334E-09
149 .1697677E-09
150 .1727976E-09
151 .1757170E-09
152 .1785303E-09
153 .1812444E-09
154 .1838663E-09
155 .1864032E-09
156 .1888621E-09
157 .1912503E-09
158 .1935751E-09
159 .1958435E-09
160 .1980635E-09
161 .2002425E-09
162 .2023882E-09
163 .2045089E-09
164 .2066126E-09
165 .2087081E-09
166 .2108040E-09
167 .2129096E-09
168 .2150344E-09
169 .2171885E-09
170 .2193823E-09
171 .2216267E-09
172 .2239333E-09
173 .2263139E-09
174 .2287814E-09
175 .2313489E-09
176 .2340276E-09
177 .2368172E-09
178 .2397147E-09
179 .2427165E-09
180 .2458188E-09
181 .2490174E-09
182 .2523080E-09
183 .2556857E-09
184 .2591453E-09
185 .2626814E-09
186 .2662879E-09
187 .2699587E-09
188 .2736868E-09
189 .2774651E-09
190 .2812860E-09
191 .2851414E-09
192 .2890227E-09
193 .2929210E-09
194 .2968267E-09
195 .3007299E-09
196 .3046199E-09
197 .3084859E-09
198 .3123165E-09
199 .3160994E-09
200 .3198222E-09
201 .3234748E-09
202 .3270574E-09
203 .3305734E-09
204 .3340261E-09
205 .3374198E-09
206 .3407583E-09
207 .3440462E-09
208 .3472879E-09
209 .3504883E-09
210 .3536527E-09
211 .3567866E-09
212 .3598956E-09
213 .3629857E-09
214 .3660630E-09
215 .3691342E-09
216 .3722060E-09
217 .3752854E-09
218 .3783798E-09
219 .3814967E-09
220 .3846441E-09
221 .3878300E-09
222 .3910632E-09
223 .3943523E-09
224 .3977062E-09
225 .4011347E-09
226 .4046431E-09
227 .4082207E-09
228 .4118518E-09
229 .4155206E-09
230 .4192101E-09
231 .4229032E-09
232 .4265821E-09
233 .4302282E-09
234 .4338222E-09
235 .4373448E-09
236 .4407756E-09
237 .4440938E-09
238 .4472781E-09
239 .4503068E-09
240 .4531577E-09
241 .4558079E-09
242 .4582349E-09
243 .4604149E-09
244 .4623244E-09
245 .4639399E-09
246 .4652372E-09
247 .4661925E-09
248 .4667818E-09
249 .4669813E-09
250 .4667674E-09
251 .3911806E-09
252 .4798045E-09
253 .3463266E-09
254 .2364650E-09
255 .2705767E-09
256 .3812588E-09
257 .3793650E-09
258 .4112929E-09
259 .4569652E-09
260 .4971528E-09
261 .6006111E-09
262 .5605307E-09
263 .5490621E-09
264 .5288839E-09
265 .6939354E-09
266 .7046113E-09
267 .7241830E-09
268 .7904444E-09
269 .7687764E-09
270 .8483060E-09
271 .8908371E-09
272 .9106097E-09
273 .9107509E-09
274 .9944692E-09
275 .1036060E-08
276 .9577168E-09
277 .8995028E-09
278 .1038634E-08
279 .1212813E-08
280 .1425138E-08
281 .1672611E-08
282 .1887377E-08
283 .2107611E-08
284 .2294369E-08
285 .2322357E-08
286 .2400857E-08
287 .2301072E-08
288 .2353222E-08
289 .2162756E-08
290 .2192219E-08
291 .2251772E-08
292 .2269937E-08
293 .2256044E-08
294 .2222564E-08
295 .2216851E-08
296 .2118648E-08
297 .2282560E-08
298 .2530740E-08
299 .2565859E-08
300 .2609180E-08
301 .2669871E-08
302 .2955231E-08
303 .3239484E-08
304 .3428229E-08
305 .3547484E-08
306 .3573899E-08
307 .3584899E-08
308 .3620797E-08
309 .3256926E-08
310 .3158123E-08
311 .2872816E-08
312 .2679292E-08
313 .2955897E-08
314 .2787372E-08
315 .2168949E-08
316 .2576904E-08
317 .2691482E-08
318 .2354906E-08
319 .2213322E-08
320 .2501714E-08
321 .1956541E-08
322 .2074481E-08
323 .1570751E-08
324 .1588262E-08
325 .1532018E-08
326 .1437076E-08
327 .1445407E-08
328 .1543680E-08
329 .1662084E-08
330 .1797334E-08
331 .1929676E-08
332 .2150853E-08
333 .2252791E-08
334 .2353839E-08
335 .2427713E-08
336 .2498419E-08
337 .2548942E-08
338 .2629776E-08
339 .2767787E-08
340 .2970772E-08
341 .3210031E-08
342 .3642502E-08
343 .3939261E-08
344 .4240321E-08
345 .4502930E-08
346 .4743108E-08
347 .5094929E-08
348 .5170556E-08
349 .5213516E-08
350 .5232909E-08
351 .5064213E-08
352 .4952280E-08
353 .4760439E-08
354 .4576713E-08
355 .4360791E-08
356 .4119418E-08
357 .3779423E-08
358 .3579307E-08
359 .3326334E-08
360 .3028242E-08
361 .2637559E-08
362 .2405679E-08
363 .2180665E-08
364 .2022227E-08
365 .1893582E-08
366 .1750310E-08
367 .1726499E-08
368 .1742306E-08
369 .1763021E-08
370 .1824729E-08
371 .2019988E-08
372 .2286695E-08
373 .2444771E-08
374 .2674926E-08
375 .2912875E-08
376 .3119717E-08
377 .3254138E-08
378 .3478199E-08
379 .3640470E-08
380 .3791315E-08
381 .4011135E-08
382 .4328006E-08
383 .4448274E-08
384 .4665803E-08
385 .4860577E-08
386 .4999345E-08
387 .5141569E-08
388 .5304323E-08
389 .5355175E-08
390 .5437617E-08
391 .5415010E-08
392 .5446077E-08
393 .5346036E-08
394 .5246788E-08
395 .5093737E-08
396 .4921139E-08
397 .4806416E-08
398 .4664146E-08
399 .4576275E-08
400 .4508311E-08
401 .4552638E-08
402 .4560508E-08
403 .4625517E-08
404 .4649141E-08
405 .4658033E-08
406 .4642557E-08
407 .4665354E-08
408 .4587593E-08
409 .4480319E-08
410 .4403810E-08
411 .4289795E-08
412 .4206423E-08
413 .4122590E-08
414 .4045290E-08
415 .3950629E-08
416 .3830933E-08
417 .3694235E-08
418 .3559958E-08
419 .3421467E-08
420 .3306625E-08
421 .3174669E-08
422 .3024376E-08
423 .2964844E-08
424 .2860655E-08
425 .2759533E-08
426 .2712214E-08
427 .2630836E-08
428 .2526130E-08
429 .2458926E-08
430 .2453266E-08
431 .2510976E-08
432 .2541823E-08
433 .2586557E-08
434 .2632442E-08
435 .2704810E-08
436 .2707155E-08
437 .2702480E-08
438 .2682861E-08
439 .2664929E-08
440 .2660708E-08
441 .2687371E-08
442 .2699432E-08
443 .2722605E-08
444 .2786506E-08
445 .2817155E-08
446 .2807050E-08
447 .2780679E-08
448 .2821833E-08
449 .2779146E-08
450 .2761241E-08
451 .2716466E-08
452 .2668938E-08
453 .2628802E-08
454 .2587235E-08
455 .2522461E-08
456 .2492382E-08
457 .2431007E-08
458 .2364952E-08
459 .2316741E-08
460 .2266857E-08
461 .2211703E-08
462 .2135442E-08
463 .2065595E-08
464 .2009201E-08
465 .1951087E-08
466 .1897655E-08
467 .1839392E-08
468 .1817938E-08
469 .1790625E-08
470 .1779330E-08
471 .1751671E-08
472 .1728550E-08
473 .1710788E-08
474 .1696940E-08
475 .1691808E-08
476 .1676646E-08
477 .1674563E-08
478 .1656373E-08
479 .1609590E-08
480 .1553492E-08
481 .1500108E-08
482 .1441346E-08
483 .1397672E-08
484 .1360281E-08
485 .1340372E-08
486 .1343874E-08
487 .1354625E-08
488 .1369562E-08
489 .1389032E-08
490 .1413469E-08
491 .1438749E-08
492 .1469980E-08
493 .1482234E-08
494 .1501372E-08
495 .1517374E-08
496 .1538439E-08
497 .1566802E-08
498 .1571301E-08
499 .1577159E-08
500 .1596868E-08
501 .1623026E-08
502 .1648996E-08
503 .1655889E-08
504 .1677447E-08
505 .1705005E-08
506 .1741576E-08
507 .1764115E-08
508 .1774174E-08
509 .1770549E-08
510 .1766627E-08
511 .1748007E-08
512 .1726592E-08
513 .1710275E-08
514 .1699841E-08
515 .1687798E-08
516 .1684969E-08
517 .1677367E-08
518 .1660204E-08
519 .1634257E-08
520 .1590180E-08
521 .1542789E-08
522 .1480980E-08
523 .1423753E-08
524 .1370516E-08
525 .1328438E-08
526 .1305157E-08
527 .1274977E-08
528 .1250518E-08
529 .1238243E-08
530 .1236083E-08
531 .1242963E-08
532 .1242484E-08
533 .1243467E-08
534 .1232770E-08
535 .1224394E-08
536 .1219624E-08
537 .1204203E-08
538 .1186929E-08
539 .1170958E-08
540 .1145491E-08
541 .1130130E-08
542 .1103916E-08
543 .1089774E-08
544 .1085600E-08
545 .1096992E-08
546 .1112091E-08
547 .1131554E-08
548 .1149345E-08
549 .1177349E-08
550 .1195507E-08
551 .1205193E-08
552 .1221005E-08
553 .1230636E-08
554 .1248384E-08
555 .1262938E-08
556 .1275710E-08
557 .1271398E-08
558 .1274555E-08
559 .1275365E-08
560 .1277836E-08
561 .1285949E-08
562 .1280990E-08
563 .1278783E-08
564 .1272939E-08
565 .1270038E-08
566 .1261910E-08
567 .1249292E-08
568 .1243920E-08
569 .1221694E-08
570 .1203638E-08
571 .1180233E-08
572 .1156961E-08
573 .1134902E-08
574 .1124386E-08
575 .1119773E-08
576 .1111725E-08
577 .1115922E-08
578 .1113500E-08
579 .1111285E-08
580 .1124963E-08
581 .1130881E-08
582 .1145338E-08
583 .1148530E-08
584 .1154448E-08
585 .1151803E-08
586 .1161228E-08
587 .1156663E-08
588 .1125179E-08
589 .1092826E-08
590 .1046423E-08
591 .1026651E-08
592 .9996276E-09
593 .9719479E-09
594 .9326918E-09
595 .9006472E-09
596 .8822251E-09
597 .8609290E-09
598 .8378236E-09
599 .8223414E-09
600 .8042342E-09
601 .7881749E-09
602 .7688712E-09
603 .7554078E-09
604 .7419257E-09
605 .7259741E-09
606 .7125556E-09
607 .6974516E-09
608 .6941254E-09
609 .6908601E-09
610 .6941455E-09
611 .7007847E-09
612 .7114079E-09
613 .7373094E-09
614 .7583164E-09
615 .7926633E-09
616 .8367508E-09
617 .8771852E-09
618 .9236818E-09
619 .9691303E-09
620 .1019912E-08
621 .1064157E-08
622 .1095178E-08
623 .1126730E-08
624 .1154293E-08
625 .1176361E-08
626 .1198461E-08
627 .1209162E-08
628 .1178804E-08
629 .1190452E-08
630 .1184073E-08
631 .1189291E-08
632 .1195329E-08
633 .1208269E-08
634 .1223241E-08
635 .1243979E-08
636 .1252595E-08
637 .1265832E-08
638 .1272806E-08
639 .1273736E-08
640 .1276096E-08
641 .1274528E-08
642 .1272023E-08
643 .1269530E-08
644 .1264149E-08
645 .1261122E-08
646 .1262928E-08
647 .1253511E-08
648 .1244838E-08
649 .1252170E-08
650 .1255609E-08
651 .1261913E-08
652 .1238564E-08
653 .1256409E-08
654 .1247867E-08
655 .1238961E-08
656 .1232605E-08
657 .1231737E-08
658 .1224083E-08
659 .1213988E-08
660 .1208037E-08
661 .1191585E-08
662 .1166977E-08
663 .1148893E-08
664 .1143313E-08
665 .1149235E-08
666 .1152509E-08
667 .1155508E-08
668 .1152791E-08
669 .1134735E-08
670 .1129184E-08
671 .1119076E-08
672 .1109761E-08
673 .1104208E-08
674 .1087893E-08
675 .1076269E-08
676 .1062872E-08
677 .1055636E-08
678 .1050054E-08
679 .1045258E-08
680 .1043554E-08
681 .1040790E-08
682 .1035069E-08
683 .1025780E-08
684 .1010764E-08
685 .9986352E-09
686 .9963776E-09
687 .9044722E-09
688 .9400706E-09
689 .9879080E-09
690 .9667665E-09
691 .9700777E-09
692 .9761431E-09
693 .9750321E-09
694 .9877069E-09
695 .9838429E-09
696 .9839571E-09
697 .1000867E-08
698 .9986872E-09
699 .9921846E-09
700 .9946197E-09
701 .9984179E-09
702 .9978911E-09
703 .9948545E-09
704 .1005943E-08
705 .1013913E-08
706 .1024158E-08
707 .1029250E-08
708 .1037590E-08
709 .1051600E-08
710 .1051533E-08
711 .1061680E-08
712 .1066470E-08
713 .1060325E-08
714 .1045308E-08
715 .1041367E-08
716 .1033667E-08
717 .1007525E-08
718 .1002709E-08
719 .9842483E-09
720 .9875045E-09
721 .9906584E-09
722 .9838301E-09
723 .9740066E-09
724 .9574733E-09
725 .9741829E-09
726 .9607006E-09
727 .9429201E-09
728 .9157954E-09
729 .9190160E-09
730 .9045457E-09
731 .8854627E-09
732 .8730603E-09
733 .8700881E-09
734 .8558940E-09
735 .8395557E-09
736 .8317399E-09
737 .8214644E-09
738 .8166320E-09
739 .8062929E-09
740 .7981859E-09
741 .7891662E-09
742 .7713559E-09
743 .7415012E-09
744 .7046096E-09
745 .6830056E-09
746 .6617927E-09
747 .6475359E-09
748 .6367978E-09
749 .6320984E-09
750 .6329142E-09
751 .6411151E-09
752 .6477001E-09
753 .6389192E-09
754 .6330359E-09
755 .6288526E-09
756 .6084451E-09
757 .5906129E-09
758 .5744670E-09
759 .5573362E-09
760 .5372497E-09
761 .5274423E-09
762 .5216861E-09
763 .5223643E-09
764 .5394061E-09
765 .5425832E-09
766 .5542407E-09
767 .5638558E-09
768 .5676758E-09
769 .5816966E-09
770 .5663364E-09
771 .5684230E-09
772 .5635694E-09
773 .5495227E-09
774 .5410431E-09
775 .5313917E-09
776 .5175969E-09
777 .5084740E-09
778 .4973029E-09
779 .4876795E-09
780 .4722054E-09
781 .4582426E-09
782 .4416606E-09
783 .4286195E-09
784 .4168207E-09
785 .4032550E-09
786 .3961234E-09
787 .3870342E-09
788 .3792053E-09
789 .3692712E-09
790 .3629744E-09
791 .3540972E-09
792 .3488861E-09
793 .3456617E-09
794 .3473604E-09
795 .3440654E-09
796 .3374063E-09
797 .3303662E-09
798 .3318072E-09
799 .3335195E-09
800 .3317275E-09
801 .3334316E-09
802 .3363292E-09
803 .3374313E-09
804 .3462216E-09
805 .3498820E-09
806 .3523754E-09
807 .3507124E-09
808 .3495932E-09
809 .3430781E-09
810 .3419207E-09
811 .3384035E-09
812 .3382291E-09
813 .3364324E-09
814 .3264411E-09
815 .3195935E-09
816 .3132433E-09
817 .3031252E-09
818 .2946363E-09
819 .2937925E-09
820 .2836651E-09
821 .2895637E-09
822 .2749763E-09
823 .2486575E-09
824 .2872785E-09
825 .2814573E-09
826 .2735659E-09
827 .2844967E-09
828 .2678934E-09
829 .2702942E-09
830 .2673247E-09
831 .2603496E-09
832 .2519988E-09
833 .2558371E-09
834 .2470876E-09
835 .2535231E-09
836 .2521168E-09
837 .2559512E-09
838 .2587180E-09
839 .2615121E-09
840 .2604823E-09
841 .2644725E-09
842 .2638653E-09
843 .2642534E-09
844 .2634305E-09
845 .2662458E-09
846 .2647402E-09
847 .2638892E-09
848 .2654286E-09
849 .2609064E-09
850 .2659126E-09
851 .2599455E-09
852 .2605781E-09
853 .2593560E-09
854 .2608957E-09
855 .2582051E-09
856 .2531369E-09
857 .2511822E-09
858 .2496436E-09
859 .2457030E-09
860 .2433705E-09
861 .2421157E-09
862 .2426112E-09
863 .2393297E-09
864 .2426931E-09
865 .2417265E-09
866 .2380354E-09
867 .2325550E-09
868 .2344415E-09
869 .2283134E-09
870 .2285845E-09
871 .2270066E-09
872 .2203205E-09
873 .2233237E-09
874 .2210068E-09
875 .2172608E-09
876 .2152586E-09
877 .2131745E-09
878 .2113772E-09
879 .2075098E-09
880 .2006286E-09
881 .1985581E-09
882 .1920419E-09
883 .1837969E-09
884 .1784493E-09
885 .1746298E-09
886 .1689359E-09
887 .1648706E-09
888 .1566500E-09
889 .1579435E-09
890 .1546014E-09
891 .1557683E-09
892 .1526039E-09
893 .1523742E-09
894 .1544049E-09
895 .1507375E-09
896 .1508565E-09
897 .1441769E-09
898 .1502334E-09
899 .1381916E-09
900 .1407275E-09
901 .1383453E-09
902 .1345554E-09
903 .1367201E-09
904 .1385204E-09
905 .1349264E-09
906 .1346760E-09
907 .1318475E-09
908 .1328211E-09
909 .1329720E-09
910 .1312052E-09
911 .1342872E-09
912 .1321171E-09
913 .1300141E-09
914 .1339553E-09
915 .1309722E-09
916 .1290883E-09
917 .1322196E-09
918 .1302091E-09
919 .1368028E-09
920 .1313398E-09
921 .1341471E-09
922 .1331912E-09
923 .1314108E-09
924 .1285533E-09
925 .1278804E-09
926 .1300006E-09
927 .1260483E-09
928 .1225680E-09
929 .1202462E-09
930 .1152887E-09
931 .1052688E-09
932 .9415931E-10
933 .9229994E-10
934 .8108236E-10
935 .8576299E-10
936 .8132728E-10
937 .8687887E-10
938 .8220011E-10
939 .9521266E-10
940 .9767576E-10
941 .9551171E-10
942 .8924118E-10
943 .8123350E-10
944 .7889780E-10
945 .8197533E-10
946 .7845826E-10
947 .8002772E-10
948 .8165861E-10
949 .8163149E-10
950 .7109855E-10
951 .8154836E-10
952 .7250813E-10
953 .7424699E-10
954 .7660439E-10
955 .7398598E-10
956 .7416815E-10
957 .6930504E-10
958 .7583948E-10
959 .6940832E-10
960 .7193112E-10
961 .7043266E-10
962 .7181775E-10
963 .7033502E-10
964 .6965270E-10
965 .6908850E-10
966 .7190386E-10
967 .6484630E-10
968 .6667617E-10
969 .6544520E-10
970 .6456758E-10
971 .6591599E-10
972 .6235051E-10
973 .6506745E-10
974 .6184573E-10
975 .6109811E-10
976 .5920543E-10
977 .6239401E-10
978 .5998913E-10
979 .5878135E-10
980 .5935752E-10
981 .5582238E-10
982 .5691812E-10
983 .5760277E-10
984 .5795634E-10
985 .5708714E-10
986 .5637653E-10
987 .5521217E-10
988 .5741627E-10
989 .5441900E-10
990 .5501512E-10
991 .5004739E-10
992 .5409814E-10
993 .4922052E-10
994 .4891978E-10
995 .5322456E-10
996 .5071055E-10
997 .5052379E-10
998 .5049343E-10
999 .5056515E-10
1000 .5066547E-10
1001 .5080606E-10
1002 .5094594E-10
1003 .5108509E-10
1004 .5122354E-10
1005 .5136121E-10
1006 .5149824E-10
1007 .5163458E-10
1008 .5177026E-10
1009 .5190519E-10
1010 .5203944E-10
1011 .5217306E-10
1012 .5230601E-10
1013 .5243824E-10
1014 .5256988E-10
1015 .5270091E-10
1016 .5283120E-10
1017 .5296099E-10
1018 .5309009E-10
1019 .5321857E-10
1020 .5334650E-10
1021 .5347374E-10
1022 .5360043E-10
1023 .5372663E-10
1024 .5385219E-10
1025 .5397711E-10
1026 .5410152E-10
1027 .5422533E-10
1028 .5434866E-10
1029 .5447149E-10
1030 .5459373E-10
1031 .5471541E-10
1032 .5483669E-10
1033 .5495741E-10
1034 .5507760E-10
1035 .5519738E-10
1036 .5531661E-10
1037 .5543540E-10
1038 .5555370E-10
1039 .5567159E-10
1040 .5578895E-10
1041 .5590602E-10
1042 .5602252E-10
1043 .5613864E-10
1044 .5625440E-10
1045 .5636972E-10
1046 .5648462E-10
1047 .5659915E-10
1048 .5671327E-10
1049 .5682694E-10
1050 .5694032E-10
1051 .5705323E-10
1052 .5716573E-10
1053 .5727789E-10
1054 .5738970E-10
1055 .5750112E-10
1056 .5761211E-10
1057 .5772278E-10
1058 .5783313E-10
1059 .5794305E-10
1060 .5805265E-10
1061 .5816180E-10
1062 .5827072E-10
1063 .5837925E-10
1064 .5848740E-10
1065 .5859529E-10
1066 .5870275E-10
1067 .5880986E-10
1068 .5891674E-10
1069 .5902326E-10
1070 .5912945E-10
1071 .5923524E-10
1072 .5934081E-10
1073 .5944602E-10
1074 .5955093E-10
1075 .5965561E-10
1076 .5975994E-10
1077 .5986393E-10
1078 .5996762E-10
1079 .6007104E-10
1080 .6017415E-10
1081 .6027698E-10
1082 .6037957E-10
1083 .6048181E-10
1084 .6058377E-10
1085 .6068556E-10
1086 .6078703E-10
1087 .6088810E-10
1088 .6098908E-10
1089 .6108974E-10
1090 .6119013E-10
1091 .6129032E-10
1092 .6139019E-10
1093 .6148986E-10
1094 .6158929E-10
1095 .6168841E-10
1096 .6178737E-10
1097 .6188603E-10
1098 .6198448E-10
1099 .6208272E-10
1100 .6218075E-10
1101 .6227847E-10
1102 .6237607E-10
1103 .6247343E-10
1104 .6257052E-10
1105 .6266753E-10
1106 .6276431E-10
1107 .6286070E-10
1108 .6295711E-10
1109 .6305326E-10
1110 .6314915E-10
1111 .6324484E-10
1112 .6334049E-10
1113 .6343587E-10
1114 .6353106E-10
1115 .6362611E-10
1116 .6372095E-10
1117 .6381563E-10
1118 .6391022E-10
1119 .6400451E-10
1120 .6409875E-10
1121 .6419281E-10
1122 .6428673E-10
1123 .6438046E-10
1124 .6447405E-10
1125 .6456753E-10
1126 .6466084E-10
1127 .6475404E-10
1128 .6484707E-10
1129 .6493995E-10
1130 .6503276E-10
1131 .6493847E-10
1132 .6484457E-10
1133 .6475110E-10
1134 .6465804E-10
1135 .6456544E-10
1136 .6447322E-10
1137 .6438137E-10
1138 .6428999E-10
1139 .6419901E-10
1140 .6410844E-10
1141 .6401838E-10
1142 .6392862E-10
1143 .6383934E-10
1144 .6375043E-10
1145 .6366200E-10
1146 .6357393E-10
1147 .6348626E-10
1148 .6339910E-10
1149 .6331224E-10
1150 .6322588E-10
1151 .6313987E-10
1152 .6305429E-10
1153 .6296912E-10
1154 .6288433E-10
1155 .6280003E-10
1156 .6271603E-10
1157 .6263257E-10
1158 .6254943E-10
1159 .6246671E-10
1160 .6238443E-10
1161 .6230252E-10
1162 .6222108E-10
1163 .6214002E-10
1164 .6205934E-10
1165 .6197908E-10
1166 .6189922E-10
1167 .6181982E-10
1168 .6174078E-10
1169 .6166213E-10
1170 .6158389E-10
1171 .6150609E-10
1172 .6142868E-10
1173 .6135162E-10
1174 .6127501E-10
1175 .6119884E-10
1176 .6112308E-10
1177 .6104770E-10
1178 .6097269E-10
1179 .6089806E-10
1180 .6082390E-10
1181 .6075012E-10
1182 .6067679E-10
1183 .6060383E-10
1184 .6053121E-10
1185 .6045911E-10
1186 .6038731E-10
1187 .6031592E-10
1188 .6024495E-10
1189 .6017446E-10
1190 .6010424E-10
1191 .6003446E-10
1192 .5996511E-10
1193 .5989616E-10
1194 .5982760E-10
1195 .5975940E-10
1196 .5969166E-10
1197 .5962430E-10
1198 .5955730E-10
1199 .5949074E-10
1200 .5942459E-10
1201 .5935880E-10
1202 .5929339E-10
1203 .5922844E-10
1204 .5916385E-10
1205 .5909972E-10
1206 .5903587E-10
1207 .5897248E-10
1208 .5890950E-10
1209 .5884691E-10
1210 .5878467E-10
1211 .5872282E-10
1212 .5866143E-10
1213 .5860044E-10
1214 .5853984E-10
1215 .5847959E-10
1216 .5841973E-10
1217 .5836036E-10
1218 .5830124E-10
1219 .5824263E-10
1220 .5818436E-10
1221 .5812644E-10
1222 .5806908E-10
1223 .5801198E-10
1224 .5795531E-10
1225 .5789902E-10
1226 .5784310E-10
1227 .5778763E-10
1228 .5773252E-10
1229 .5767780E-10
1230 .5762342E-10
1231 .5756956E-10
1232 .5751600E-10
1233 .5746288E-10
1234 .5741012E-10
1235 .5735774E-10
1236 .5730580E-10
1237 .5725418E-10
1238 .5720300E-10
1239 .5715223E-10
1240 .5710187E-10
1241 .5705181E-10
1242 .5700221E-10
1243 .5695299E-10
1244 .5690409E-10
1245 .5685571E-10
1246 .5680772E-10
1247 .5675999E-10
1248 .5671274E-10
1249 .5666584E-10
1250 .5661936E-10
1251 .5661211E-10
1252 .5660513E-10
1253 .5659844E-10
1254 .5659202E-10
1255 .5658583E-10
1256 .5657997E-10
1257 .5657436E-10
1258 .5656911E-10
1259 .5656408E-10
1260 .5655928E-10
1261 .5655480E-10
1262 .5655059E-10
1263 .5654672E-10
1264 .5654306E-10
1265 .5653975E-10
1266 .5653673E-10
1267 .5653396E-10
1268 .5653147E-10
1269 .5652928E-10
1270 .5652735E-10
1271 .5652582E-10
1272 .5652443E-10
1273 .5652350E-10
1274 .5652278E-10
1275 .5652231E-10
1276 .5652216E-10
1277 .5652238E-10
1278 .5652285E-10
1279 .5652364E-10
1280 .5652472E-10
1281 .5652606E-10
1282 .5652775E-10
1283 .5652973E-10
1284 .5653203E-10
1285 .5653457E-10
1286 .5653741E-10
1287 .5654063E-10
1288 .5654417E-10
1289 .5654793E-10
1290 .5655200E-10
1291 .5655645E-10
1292 .5656113E-10
1293 .5656610E-10
1294 .5657137E-10
1295 .5657692E-10
1296 .5658281E-10
1297 .5658891E-10
1298 .5659528E-10
1299 .5660197E-10
1300 .5660895E-10
1301 .5661618E-10
1302 .5662376E-10
1303 .5663154E-10
1304 .5663962E-10
1305 .5664796E-10
1306 .5665654E-10
1307 .5666545E-10
1308 .5667461E-10
1309 .5668407E-10
1310 .5669366E-10
1311 .5670362E-10
1312 .5671382E-10
1313 .5672430E-10
1314 .5673498E-10
1315 .5674597E-10
1316 .5675714E-10
1317 .5676862E-10
1318 .5678036E-10
1319 .5679234E-10
1320 .5680452E-10
1321 .5681695E-10
1322 .5682961E-10
1323 .5684259E-10
1324 .5685574E-10
1325 .5686911E-10
1326 .5688274E-10
1327 .5689663E-10
1328 .5691078E-10
1329 .5692501E-10
1330 .5693962E-10
1331 .5695436E-10
1332 .5696932E-10
1333 .5698460E-10
1334 .5700004E-10
1335 .5701568E-10
1336 .5703156E-10
1337 .5704758E-10
1338 .5706387E-10
1339 .5708047E-10
1340 .5709709E-10
1341 .5711403E-10
1342 .5713118E-10
1343 .5714849E-10
1344 .5716602E-10
1345 .5718365E-10
1346 .5720161E-10
1347 .5721977E-10
1348 .5723805E-10
1349 .5725652E-10
1350 .5727520E-10
1351 .5729416E-10
1352 .5731312E-10
1353 .5733235E-10
1354 .5735181E-10
1355 .5737141E-10
1356 .5739113E-10
1357 .5741113E-10
1358 .5743120E-10
1359 .5745151E-10
1360 .5747202E-10
1361 .5749262E-10
1362 .5751341E-10
1363 .5753439E-10
1364 .5755555E-10
1365 .5757680E-10
1366 .5759824E-10
1367 .5761984E-10
1368 .5764166E-10
1369 .5766351E-10
1370 .5768552E-10
1371 .5740408E-10
1372 .5712246E-10
1373 .5684070E-10
1374 .5655890E-10
1375 .5627700E-10
1376 .5599502E-10
1377 .5571282E-10
1378 .5543062E-10
1379 .5514823E-10
1380 .5486578E-10
1381 .5458309E-10
1382 .5430044E-10
1383 .5401752E-10
1384 .5373457E-10
1385 .5345135E-10
1386 .5316810E-10
1387 .5288461E-10
1388 .5260099E-10
1389 .5231732E-10
1390 .5203336E-10
1391 .5174929E-10
1392 .5146511E-10
1393 .5118064E-10
1394 .5089608E-10
1395 .5061132E-10
1396 .5032633E-10
1397 .5004128E-10
1398 .4975599E-10
1399 .4947041E-10
1400 .4918479E-10
1401 .4889890E-10
1402 .4861283E-10
1403 .4832654E-10
1404 .4803998E-10
1405 .4775328E-10
1406 .4746635E-10
1407 .4717924E-10
1408 .4689192E-10
1409 .4660432E-10
1410 .4631655E-10
1411 .4602846E-10
1412 .4574031E-10
1413 .4545180E-10
1414 .4516310E-10
1415 .4487413E-10
1416 .4458496E-10
1417 .4429555E-10
1418 .4400590E-10
1419 .4371594E-10
1420 .4342580E-10
1421 .4313540E-10
1422 .4284473E-10
1423 .4255382E-10
1424 .4226261E-10
1425 .4197118E-10
1426 .4167950E-10
1427 .4138749E-10
1428 .4109527E-10
1429 .4080285E-10
1430 .4050998E-10
1431 .4021699E-10
1432 .3992366E-10
1433 .3963009E-10
1434 .3933623E-10
1435 .3904209E-10
1436 .3874768E-10
1437 .3845298E-10
1438 .3815800E-10
1439 .3786269E-10
1440 .3756717E-10
1441 .3727135E-10
1442 .3697516E-10
1443 .3667874E-10
1444 .3638205E-10
1445 .3608508E-10
1446 .3578771E-10
1447 .3549015E-10
1448 .3519227E-10
1449 .3489402E-10
1450 .3459554E-10
1451 .3429675E-10
1452 .3399764E-10
1453 .3369825E-10
1454 .3339858E-10
1455 .3309855E-10
1456 .3279823E-10
1457 .3249763E-10
1458 .3219672E-10
1459 .3189550E-10
1460 .3159397E-10
1461 .3129213E-10
1462 .3098999E-10
1463 .3068750E-10
1464 .3038473E-10
1465 .3008167E-10
1466 .2977827E-10
1467 .2947460E-10
1468 .2917063E-10
1469 .2886627E-10
1470 .2856165E-10
1471 .2825670E-10
1472 .2795147E-10
1473 .2764587E-10
1474 .2734005E-10
1475 .2703387E-10
1476 .2672738E-10
1477 .2642057E-10
1478 .2611346E-10
1479 .2580604E-10
1480 .2549831E-10
1481 .2519029E-10
1482 .2488194E-10
1483 .2457328E-10
1484 .2426434E-10
1485 .2395507E-10
1486 .2364549E-10
1487 .2333564E-10
1488 .2302546E-10
1489 .2271499E-10
1490 .2240422E-10
1491 .2209316E-10
1492 .2178182E-10
1493 .2147017E-10
1494 .2115821E-10
1495 .2084599E-10
1496 .2053348E-10
1497 .2022066E-10
1498 .1990759E-10
1499 .1959421E-10
1500 .1928055E-10
1501 .1928812E-10
1502 .1929565E-10
1503 .1930317E-10
1504 .1931066E-10
1505 .1931812E-10
1506 .1932554E-10
1507 .1933294E-10
1508 .1934033E-10
1509 .1934766E-10
1510 .1935499E-10
1511 .1936229E-10
1512 .1936953E-10
1513 .1937679E-10
1514 .1938401E-10
1515 .1939119E-10
1516 .1939835E-10
1517 .1940548E-10
1518 .1941260E-10
1519 .1941968E-10
1520 .1942674E-10
1521 .1943377E-10
1522 .1944079E-10
1523 .1944775E-10
1524 .1945472E-10
1525 .1946165E-10
1526 .1946854E-10
1527 .1947543E-10
1528 .1948228E-10
1529 .1948911E-10
1530 .1949591E-10
1531 .1950269E-10
1532 .1950945E-10
1533 .1951619E-10
1534 .1952288E-10
1535 .1952956E-10
1536 .1953622E-10
1537 .1954286E-10
1538 .1954946E-10
1539 .1955603E-10
1540 .1956260E-10
1541 .1956914E-10
1542 .1957565E-10
1543 .1958214E-10
1544 .1958862E-10
1545 .1959506E-10
1546 .1960147E-10
1547 .1960787E-10
1548 .1961424E-10
1549 .1962060E-10
1550 .1962692E-10
1551 .1963322E-10
1552 .1963951E-10
1553 .1964575E-10
1554 .1965201E-10
1555 .1965821E-10
1556 .1966440E-10
1557 .1967057E-10
1558 .1967673E-10
1559 .1968284E-10
1560 .1968895E-10
1561 .1969504E-10
1562 .1970110E-10
1563 .1970713E-10
1564 .1971315E-10
1565 .1971915E-10
1566 .1972512E-10
1567 .1973107E-10
1568 .1973701E-10
1569 .1974292E-10
1570 .1974882E-10
1571 .1975468E-10
1572 .1976053E-10
1573 .1976636E-10
1574 .1977218E-10
1575 .1977796E-10
1576 .1978373E-10
1577 .1978949E-10
1578 .1979522E-10
1579 .1980091E-10
1580 .1980661E-10
1581 .1981227E-10
1582 .1981792E-10
1583 .1982357E-10
1584 .1982917E-10
1585 .1983476E-10
1586 .1984033E-10
1587 .1984589E-10
1588 .1985142E-10
1589 .1985694E-10
1590 .1986243E-10
1591 .1986792E-10
1592 .1987339E-10
1593 .1987882E-10
1594 .1988424E-10
1595 .1988966E-10
1596 .1989505E-10
1597 .1990041E-10
1598 .1990577E-10
1599 .1991111E-10
1600 .1991643E-10
1601 .1992173E-10
1602 .1992701E-10
1603 .1993226E-10
1604 .1993752E-10
1605 .1994277E-10
1606 .1994797E-10
1607 .1995317E-10
1608 .1995835E-10
1609 .1996352E-10
1610 .1996866E-10
1611 .1997379E-10
1612 .1997892E-10
1613 .1998401E-10
1614 .1998910E-10
1615 .1999416E-10
1616 .1999922E-10
1617 .2000426E-10
1618 .2000928E-10
1619 .2001430E-10
1620 .2001928E-10
1621 .2002424E-10
1622 .2002922E-10
1623 .2003415E-10
1624 .2003909E-10
1625 .2004400E-10
1626 .2004369E-10
1627 .2004339E-10
1628 .2004306E-10
1629 .2004274E-10
1630 .2004240E-10
1631 .2004207E-10
1632 .2004172E-10
1633 .2004137E-10
1634 .2004100E-10
1635 .2004065E-10
1636 .2004029E-10
1637 .2003990E-10
1638 .2003952E-10
1639 .2003913E-10
1640 .2003873E-10
1641 .2003833E-10
1642 .2003792E-10
1643 .2003751E-10
1644 .2003708E-10
1645 .2003667E-10
1646 .2003624E-10
1647 .2003580E-10
1648 .2003536E-10
1649 .2003491E-10
1650 .2003447E-10
1651 .2003402E-10
1652 .2003355E-10
1653 .2003308E-10
1654 .2003262E-10
1655 .2003215E-10
1656 .2003168E-10
1657 .2003118E-10
1658 .2003072E-10
1659 .2003021E-10
1660 .2002973E-10
1661 .2002924E-10
1662 .2002874E-10
1663 .2002823E-10
1664 .2002773E-10
1665 .2002721E-10
1666 .2002670E-10
1667 .2002617E-10
1668 .2002568E-10
1669 .2002515E-10
1670 .2002462E-10
1671 .2002409E-10
1672 .2002357E-10
1673 .2002303E-10
1674 .2002251E-10
1675 .2002196E-10
1676 .2002142E-10
1677 .2002089E-10
1678 .2002034E-10
1679 .2001980E-10
1680 .2001925E-10
1681 .2001871E-10
1682 .2001816E-10
1683 .2001761E-10
1684 .2001706E-10
1685 .2001650E-10
1686 .2001596E-10
1687 .2001538E-10
1688 .2001483E-10
1689 .2001428E-10
1690 .2001372E-10
1691 .2001316E-10
1692 .2001258E-10
1693 .2001202E-10
1694 .2001145E-10
1695 .2001088E-10
1696 .2001032E-10
1697 .2000974E-10
1698 .2000916E-10
1699 .2000858E-10
1700 .2000801E-10
1701 .2000743E-10
1702 .2000685E-10
1703 .2000626E-10
1704 .2000569E-10
1705 .2000509E-10
1706 .2000451E-10
1707 .2000392E-10
1708 .2000334E-10
1709 .2000274E-10
1710 .2000214E-10
1711 .2000156E-10
1712 .2000095E-10
1713 .2000036E-10
1714 .1999976E-10
1715 .1999915E-10
1716 .1999855E-10
1717 .1999793E-10
1718 .1999733E-10
1719 .1999672E-10
1720 .1999611E-10
1721 .1999549E-10
1722 .1999487E-10
1723 .1999425E-10
1724 .1999363E-10
1725 .1999303E-10
1726 .1999240E-10
1727 .1999177E-10
1728 .1999115E-10
1729 .1999053E-10
1730 .1998990E-10
1731 .1998928E-10
1732 .1998864E-10
1733 .1998799E-10
1734 .1998737E-10
1735 .1998673E-10
1736 .1998609E-10
1737 .1998545E-10
1738 .1998481E-10
1739 .1998416E-10
1740 .1998351E-10
1741 .1998286E-10
1742 .1998221E-10
1743 .1998156E-10
1744 .1998090E-10
1745 .1998023E-10
1746 .1997959E-10
1747 .1997893E-10
1748 .1997826E-10
1749 .1997761E-10
1750 .1997695E-10
1751 .1997626E-10
1752 .1997560E-10
1753 .1997494E-10
1754 .1997427E-10
1755 .1997358E-10
1756 .1997290E-10
1757 .1997220E-10
1758 .1997153E-10
1759 .1997085E-10
1760 .1997018E-10
1761 .1996947E-10
1762 .1996879E-10
1763 .1996809E-10
1764 .1996741E-10
1765 .1996671E-10
1766 .1996601E-10
1767 .1996530E-10
1768 .1996461E-10
1769 .1996389E-10
1770 .1996320E-10
1771 .1996248E-10
1772 .1996177E-10
1773 .1996107E-10
1774 .1996035E-10
1775 .1995963E-10
1776 .1995891E-10
1777 .1995822E-10
1778 .1995749E-10
1779 .1995674E-10
1780 .1995603E-10
1781 .1995530E-10
1782 .1995457E-10
1783 .1995384E-10
1784 .1995309E-10
1785 .1995238E-10
1786 .1995163E-10
1787 .1995089E-10
1788 .1995014E-10
1789 .1994941E-10
1790 .1994865E-10
1791 .1994791E-10
1792 .1994713E-10
1793 .1994639E-10
1794 .1994563E-10
1795 .1994487E-10
1796 .1994413E-10
1797 .1994335E-10
1798 .1994259E-10
1799 .1994184E-10
1800 .1994106E-10
1801 .1988392E-10
1802 .1982678E-10
1803 .1976966E-10
1804 .1971252E-10
1805 .1965540E-10
1806 .1959826E-10
1807 .1954115E-10
1808 .1948402E-10
1809 .1942691E-10
1810 .1936977E-10
1811 .1931266E-10
1812 .1925556E-10
1813 .1919846E-10
1814 .1914134E-10
1815 .1908424E-10
1816 .1902712E-10
1817 .1897003E-10
1818 .1891292E-10
1819 .1885583E-10
1820 .1879874E-10
1821 .1874165E-10
1822 .1868457E-10
1823 .1862747E-10
1824 .1857038E-10
1825 .1851330E-10
1826 .1845622E-10
1827 .1839915E-10
1828 .1834207E-10
1829 .1828499E-10
1830 .1822793E-10
1831 .1817087E-10
1832 .1811381E-10
1833 .1805673E-10
1834 .1799969E-10
1835 .1794262E-10
1836 .1788558E-10
1837 .1782852E-10
1838 .1777148E-10
1839 .1771442E-10
1840 .1765738E-10
1841 .1760036E-10
1842 .1754331E-10
1843 .1748628E-10
1844 .1742924E-10
1845 .1737222E-10
1846 .1731520E-10
1847 .1725817E-10
1848 .1720115E-10
1849 .1714414E-10
1850 .1708712E-10
1851 .1703011E-10
1852 .1697310E-10
1853 .1691610E-10
1854 .1685910E-10
1855 .1680210E-10
1856 .1674511E-10
1857 .1668811E-10
1858 .1663112E-10
1859 .1657413E-10
1860 .1651714E-10
1861 .1646016E-10
1862 .1640318E-10
1863 .1634621E-10
1864 .1628924E-10
1865 .1623228E-10
1866 .1617530E-10
1867 .1611834E-10
1868 .1606138E-10
1869 .1600443E-10
1870 .1594747E-10
1871 .1589052E-10
1872 .1583358E-10
1873 .1577663E-10
1874 .1571969E-10
1875 .1566275E-10
1876 .1560582E-10
1877 .1554889E-10
1878 .1549197E-10
1879 .1543505E-10
1880 .1537813E-10
1881 .1532121E-10
1882 .1526429E-10
1883 .1520739E-10
1884 .1515048E-10
1885 .1509357E-10
1886 .1503668E-10
1887 .1497978E-10
1888 .1492289E-10
1889 .1486600E-10
1890 .1480912E-10
1891 .1475225E-10
1892 .1469537E-10
1893 .1463847E-10
1894 .1458161E-10
1895 .1452474E-10
1896 .1446789E-10
1897 .1441101E-10
1898 .1435417E-10
1899 .1429731E-10
1900 .1424047E-10
1901 .1418362E-10
1902 .1412679E-10
1903 .1406996E-10
1904 .1401311E-10
1905 .1395629E-10
1906 .1389946E-10
1907 .1384264E-10
1908 .1378584E-10
1909 .1372902E-10
1910 .1367221E-10
1911 .1361540E-10
1912 .1355860E-10
1913 .1350180E-10
1914 .1344501E-10
1915 .1338823E-10
1916 .1333144E-10
1917 .1327466E-10
1918 .1321788E-10
1919 .1316111E-10
1920 .1310433E-10
1921 .1304758E-10
1922 .1299082E-10
1923 .1293406E-10
1924 .1287732E-10
1925 .1282057E-10
1926 .1276383E-10
1927 .1270708E-10
1928 .1265036E-10
1929 .1259362E-10
1930 .1253690E-10
1931 .1248017E-10
1932 .1242346E-10
1933 .1236675E-10
1934 .1231004E-10
1935 .1225334E-10
1936 .1219665E-10
1937 .1213994E-10
1938 .1208325E-10
1939 .1202657E-10
1940 .1196988E-10
1941 .1191322E-10
1942 .1185654E-10
1943 .1179989E-10
1944 .1174322E-10
1945 .1168656E-10
1946 .1162991E-10
1947 .1157327E-10
1948 .1151662E-10
1949 .1145998E-10
1950 .1140335E-10
1951 .1134672E-10
1952 .1129009E-10
1953 .1123348E-10
1954 .1117687E-10
1955 .1112026E-10
1956 .1106366E-10
1957 .1100706E-10
1958 .1095047E-10
1959 .1089387E-10
1960 .1083730E-10
1961 .1078072E-10
1962 .1072414E-10
1963 .1066757E-10
1964 .1061101E-10
1965 .1055445E-10
1966 .1049791E-10
1967 .1044135E-10
1968 .1038482E-10
1969 .1032828E-10
1970 .1027176E-10
1971 .1021522E-10
1972 .1015871E-10
1973 .1010221E-10
1974 .1004570E-10
1975 .9989197E-11
1976 .9932705E-11
1977 .9876215E-11
1978 .9819732E-11
1979 .9763262E-11
1980 .9706790E-11
1981 .9650335E-11
1982 .9593871E-11
1983 .9537426E-11
1984 .9480982E-11
1985 .9424546E-11
1986 .9368118E-11
1987 .9311690E-11
1988 .9255277E-11
1989 .9198870E-11
1990 .9142457E-11
1991 .9086061E-11
1992 .9029681E-11
1993 .8973294E-11
1994 .8916920E-11
1995 .8860549E-11
1996 .8804182E-11
1997 .8747831E-11
1998 .8691482E-11
1999 .8635141E-11
2000 .8578807E-11
2001 .8522482E-11
2002 .8466167E-11
2003 .8409844E-11
2004 .8353542E-11
2005 .8297249E-11
2006 .8240954E-11
2007 .8184673E-11
2008 .8128398E-11
2009 .8072126E-11
2010 .8015871E-11
2011 .8015367E-11
2012 .8014878E-11
2013 .8014371E-11
2014 .8013871E-11
2015 .8013384E-11
2016 .8012882E-11
2017 .8012392E-11
2018 .8011890E-11
2019 .8011395E-11
2020 .8010904E-11
2021 .8010409E-11
2022 .8009922E-11
2023 .8009428E-11
2024 .8008940E-11
2025 .8008450E-11
2026 .8007962E-11
2027 .8007478E-11
2028 .8006991E-11
2029 .8006499E-11
2030 .8006021E-11
2031 .8005534E-11
2032 .8005060E-11
2033 .8004580E-11
2034 .8004095E-11
2035 .8003622E-11
2036 .8003143E-11
2037 .8002672E-11
2038 .8002197E-11
2039 .8001718E-11
2040 .8001251E-11
2041 .8000780E-11
2042 .8000310E-11
2043 .7999849E-11
2044 .7999384E-11
2045 .7998926E-11
2046 .7998455E-11
2047 .7997999E-11
2048 .7997540E-11
2049 .7997082E-11
2050 .7996627E-11
2051 .7996175E-11
2052 .7995725E-11
2053 .7995279E-11
2054 .7994822E-11
2055 .7994377E-11
2056 .7993939E-11
2057 .7993492E-11
2058 .7993058E-11
2059 .7992625E-11
2060 .7992187E-11
2061 .7991750E-11
2062 .7991326E-11
2063 .7990891E-11
2064 .7990468E-11
2065 .7990042E-11
2066 .7989618E-11
2067 .7989199E-11
2068 .7988784E-11
2069 .7988369E-11
2070 .7987952E-11
2071 .7987544E-11
2072 .7987141E-11
2073 .7986733E-11
2074 .7986327E-11
2075 .7985930E-11
2076 .7985532E-11
2077 .7985136E-11
2078 .7984740E-11
2079 .7984358E-11
2080 .7983972E-11
2081 .7983581E-11
2082 .7983202E-11
2083 .7982824E-11
2084 .7982446E-11
2085 .7982085E-11
2086 .7981708E-11
2087 .7981343E-11
2088 .7980984E-11
2089 .7980619E-11
2090 .7980263E-11
2091 .7979905E-11
2092 .7979554E-11
2093 .7979204E-11
2094 .7978859E-11
2095 .7978516E-11
2096 .7978182E-11
2097 .7977847E-11
2098 .7977522E-11
2099 .7977188E-11
2100 .7976868E-11
2101 .7976543E-11
2102 .7976226E-11
2103 .7975907E-11
2104 .7975600E-11
2105 .7975293E-11
2106 .7974985E-11
2107 .7974688E-11
2108 .7974394E-11
2109 .7974099E-11
2110 .7973807E-11
2111 .7973526E-11
2112 .7973244E-11
2113 .7972968E-11
2114 .7972685E-11
2115 .7972424E-11
2116 .7972150E-11
2117 .7971896E-11
2118 .7971634E-11
2119 .7971380E-11
2120 .7971133E-11
2121 .7970883E-11
2122 .7970643E-11
2123 .7970408E-11
2124 .7970174E-11
2125 .7969947E-11
2126 .7969716E-11
2127 .7969497E-11
2128 .7969282E-11
2129 .7969069E-11
2130 .7968857E-11
2131 .7968657E-11
2132 .7968454E-11
2133 .7968265E-11
2134 .7968071E-11
2135 .7967891E-11
2136 .7967710E-11
2137 .7967534E-11
2138 .7967352E-11
2139 .7967190E-11
2140 .7967030E-11
2141 .7966869E-11
2142 .7966720E-11
2143 .7966572E-11
2144 .7966437E-11
2145 .7966290E-11
2146 .7966160E-11
2147 .7966032E-11
2148 .7965909E-11
2149 .7965791E-11
2150 .7965678E-11
2151 .7965567E-11
2152 .7965466E-11
2153 .7965365E-11
2154 .7965279E-11
2155 .7965184E-11
2156 .7965100E-11
2157 .7965032E-11
2158 .7964957E-11
2159 .7964891E-11
2160 .7964829E-11
2161 .7964773E-11
2162 .7964721E-11
2163 .7964677E-11
2164 .7964635E-11
2165 .7964596E-11
2166 .7964577E-11
2167 .7964555E-11
2168 .7964530E-11
2169 .7964527E-11
2170 .7964516E-11
2171 .7964518E-11
2172 .7964527E-11
2173 .7964535E-11
2174 .7964551E-11
2175 .7964577E-11
2176 .7964605E-11
2177 .7964640E-11
2178 .7964679E-11
2179 .7964731E-11
2180 .7964781E-11
2181 .7964843E-11
2182 .7964908E-11
2183 .7964978E-11
2184 .7965057E-11
2185 .7965133E-11
2186 .7965222E-11
2187 .7965324E-11
2188 .7965428E-11
2189 .7965535E-11
2190 .7965658E-11
2191 .7965770E-11
2192 .7965896E-11
2193 .7966031E-11
2194 .7966174E-11
2195 .7966314E-11
2196 .7966470E-11
2197 .7966633E-11
2198 .7966800E-11
2199 .7966970E-11
2200 .7967162E-11
2201 .7967341E-11
2202 .7967536E-11
2203 .7967740E-11
2204 .7967942E-11
2205 .7968156E-11
2206 .7968379E-11
2207 .7968605E-11
2208 .7968843E-11
2209 .7969088E-11
2210 .7969326E-11
2211 .7969580E-11
2212 .7969856E-11
2213 .7970118E-11
2214 .7970398E-11
2215 .7970684E-11
2216 .7970980E-11
2217 .7971271E-11
2218 .7971578E-11
2219 .7971901E-11
2220 .7972208E-11
2221 .7972542E-11
2222 .7972884E-11
2223 .7973225E-11
2224 .7973571E-11
2225 .7973930E-11
2226 .7974301E-11
2227 .7974672E-11
2228 .7975045E-11
2229 .7975438E-11
2230 .7975839E-11
2231 .7976235E-11
2232 .7976646E-11
2233 .7977067E-11
2234 .7977499E-11
2235 .7977933E-11
2236 .7978374E-11
2237 .7978827E-11
2238 .7979284E-11
2239 .7979754E-11
2240 .7980227E-11
2241 .7980710E-11
2242 .7981196E-11
2243 .7981704E-11
2244 .7982196E-11
2245 .7982717E-11
2246 .7983239E-11
2247 .7983770E-11
2248 .7984306E-11
2249 .7984845E-11
2250 .7985394E-11
2251 .7985960E-11
2252 .7986531E-11
2253 .7987102E-11
2254 .7987677E-11
2255 .7988279E-11
2256 .7988873E-11
2257 .7989478E-11
2258 .7990093E-11
2259 .7990708E-11
2260 .7991335E-11
2261 .7991977E-11
2262 .7992608E-11
2263 .7993259E-11
2264 .7993914E-11
2265 .7994586E-11
2266 .7995244E-11
2267 .7995928E-11
2268 .7996612E-11
2269 .7997301E-11
2270 .7997997E-11
2271 .7998703E-11
2272 .7999419E-11
2273 .8000139E-11
2274 .8000864E-11
2275 .8001595E-11
2276 .8002338E-11
2277 .8003081E-11
2278 .8003835E-11
2279 .8004598E-11
2280 .8005360E-11
2281 .8006139E-11
2282 .8006917E-11
2283 .8007708E-11
2284 .8008501E-11
2285 .8009302E-11
2286 .8010108E-11
2287 .8010920E-11
2288 .8011740E-11
2289 .8012565E-11
2290 .8013402E-11
2291 .8014247E-11
2292 .8015089E-11
2293 .8015942E-11
2294 .8016794E-11
2295 .8017667E-11
2296 .8018544E-11
2297 .8019414E-11
2298 .8020303E-11
2299 .8021183E-11
2300 .8022077E-11
2301 .8022989E-11
2302 .8023894E-11
2303 .8024815E-11
2304 .8025733E-11
2305 .8026658E-11
2306 .8027590E-11
2307 .8028528E-11
2308 .8029476E-11
2309 .8030420E-11
2310 .8031378E-11
2311 .8032345E-11
2312 .8033309E-11
2313 .8034284E-11
2314 .8035264E-11
2315 .8036252E-11
2316 .8037238E-11
2317 .8038235E-11
2318 .8039238E-11
2319 .8040248E-11
2320 .8041261E-11
2321 .8042288E-11
2322 .8043307E-11
2323 .8044342E-11
2324 .8045372E-11
2325 .8046417E-11
2326 .8047468E-11
2327 .8048516E-11
2328 .8049575E-11
2329 .8050634E-11
2330 .8051700E-11
2331 .8052775E-11
2332 .8053856E-11
2333 .8054936E-11
2334 .8056033E-11
2335 .8057125E-11
2336 .8058222E-11
2337 .8059327E-11
2338 .8060436E-11
2339 .8061553E-11
2340 .8062673E-11
2341 .8063795E-11
2342 .8064926E-11
2343 .8066065E-11
2344 .8067204E-11
2345 .8068350E-11
2346 .8069498E-11
2347 .8070654E-11
2348 .8071806E-11
2349 .8072971E-11
2350 .8074143E-11
2351 .8075314E-11
2352 .8076490E-11
2353 .8077681E-11
2354 .8078863E-11
2355 .8080058E-11
2356 .8081250E-11
2357 .8082454E-11
2358 .8083664E-11
2359 .8084873E-11
2360 .8086082E-11
2361 .8087306E-11
2362 .8088528E-11
2363 .8089750E-11
2364 .8090986E-11
2365 .8092221E-11
2366 .8093464E-11
2367 .8094710E-11
2368 .8095957E-11
2369 .8097211E-11
2370 .8098472E-11
2371 .8099734E-11
2372 .8100999E-11
2373 .8102269E-11
2374 .8103536E-11
2375 .8104818E-11
2376 .8106096E-11
2377 .8107384E-11
2378 .8108674E-11
2379 .8109962E-11
2380 .8111272E-11
2381 .8112567E-11
2382 .8113872E-11
2383 .8115183E-11
2384 .8116498E-11
2385 .8117813E-11
2386 .8119130E-11
2387 .8120455E-11
2388 .8121787E-11
2389 .8123116E-11
2390 .8124444E-11
2391 .8125789E-11
2392 .8127126E-11
2393 .8128477E-11
2394 .8129821E-11
2395 .8131179E-11
2396 .8132530E-11
2397 .8133892E-11
2398 .8135247E-11
2399 .8136623E-11
2400 .8137987E-11
2401 .8139359E-11
2402 .8140734E-11
2403 .8142117E-11
2404 .8143498E-11
2405 .8144880E-11
2406 .8146270E-11
2407 .8147655E-11
2408 .8149056E-11
2409 .8150452E-11
2410 .8151856E-11
2411 .8153261E-11
2412 .8154661E-11
2413 .8156069E-11
2414 .8157483E-11
2415 .8158904E-11
2416 .8160320E-11
2417 .8161741E-11
2418 .8163160E-11
2419 .8164593E-11
2420 .8166020E-11
2421 .8167454E-11
2422 .8168883E-11
2423 .8170319E-11
2424 .8171761E-11
2425 .8173203E-11
2426 .8174652E-11
2427 .8176096E-11
2428 .8177547E-11
2429 .8179000E-11
2430 .8180454E-11
2431 .8181904E-11
2432 .8183367E-11
2433 .8184825E-11
2434 .8186287E-11
2435 .8187756E-11
2436 .8189225E-11
2437 .8190696E-11
2438 .8192165E-11
2439 .8193645E-11
2440 .8195125E-11
2441 .8196604E-11
2442 .8198080E-11
2443 .8199569E-11
2444 .8201054E-11
2445 .8202538E-11
2446 .8204034E-11
2447 .8205520E-11
2448 .8207012E-11
2449 .8208504E-11
2450 .8210002E-11
2451 .8211505E-11
2452 .8213007E-11
2453 .8214502E-11
2454 .8216007E-11
2455 .8217511E-11
2456 .8219019E-11
2457 .8220531E-11
2458 .8222037E-11
2459 .8223555E-11
2460 .8225061E-11
2461 .8226579E-11
2462 .8228095E-11
2463 .8229611E-11
2464 .8231130E-11
2465 .8232651E-11
2466 .8234172E-11
2467 .8235698E-11
2468 .8237224E-11
2469 .8238743E-11
2470 .8240268E-11
2471 .8241804E-11
2472 .8243332E-11
2473 .8244865E-11
2474 .8246401E-11
2475 .8247919E-11
2476 .8249462E-11
2477 .8250998E-11
2478 .8252532E-11
2479 .8254065E-11
2480 .8255599E-11
2481 .8257143E-11
2482 .8258678E-11
2483 .8260222E-11
2484 .8261758E-11
2485 .8263301E-11
2486 .8264848E-11
2487 .8266394E-11
2488 .8267933E-11
2489 .8269480E-11
2490 .8271018E-11
2491 .8272571E-11
2492 .8274110E-11
2493 .8275661E-11
2494 .8277208E-11
2495 .8278758E-11
2496 .8280305E-11
2497 .8281853E-11
2498 .8283399E-11
2499 .8284950E-11
2500 .8286506E-11
