100 .3001114E-14
101 .1733734E-13
102 .5927067E-13
103 .1552336E-12
104 .3445598E-12
105 .6819062E-12
106 .1239207E-11
107 .2106909E-11
108 .3394239E-11
109 .5228316E-11
110 .7751874E-11
111 .1111952E-10
112 .1549247E-10
113 .2103178E-10
114 .2789022E-10
115 .3620294E-10
116 .4607746E-10
117 .5758299E-10
118 .7074019E-10
119 .8551139E-10
120 .1017922E-09
121 .1194048E-09
122 .1380946E-09
123 .1575287E-09
124 .1773004E-09
125 .1969343E-09
126 .2159453E-09
127 .2340170E-09
128 .2509256E-09
129 .2665077E-09
130 .2806620E-09
131 .2933497E-09
132 .3045910E-09
133 .3144617E-09
134 .3230864E-09
135 .3306332E-09
136 .3373061E-09
137 .3433395E-09
138 .3489860E-09
139 .3543857E-09
140 .3595526E-09
141 .3644948E-09
142 .3692217E-09
143 .3737438E-09
144 .3780735E-09
145 .3822261E-09
146 .3862192E-09
147 .3900741E-09
148 .3938152E-09
149 .3974702E-09
150 .4010704E-09
151 .4046459E-09
152 .4082139E-09
153 .4117873E-09
154 .4153782E-09
155 .4189983E-09
156 .4226586E-09
157 .4263699E-09
158 .4301423E-09
159 .4339853E-09
160 .4379086E-09
161 .4419209E-09
162 .4460312E-09
163 .4502483E-09
164 .4545805E-09
165 .4590365E-09
166 .4636245E-09
167 .4683532E-09
168 .4732309E-09
169 .4782665E-09
170 .4834690E-09
171 .4888473E-09
172 .4944109E-09
173 .5001699E-09
174 .5061343E-09
175 .5123149E-09
176 .5187203E-09
177 .5253503E-09
178 .5322015E-09
179 .5392703E-09
180 .5465533E-09
181 .5540462E-09
182 .5617445E-09
183 .5696433E-09
184 .5777374E-09
185 .5860210E-09
186 .5944880E-09
187 .6031317E-09
188 .6119452E-09
189 .6209207E-09
190 .6300501E-09
191 .6393246E-09
192 .6487350E-09
193 .6582711E-09
194 .6679225E-09
195 .6776782E-09
196 .6875258E-09
197 .6974529E-09
198 .7074460E-09
199 .7174909E-09
200 .7275728E-09
201 .7376781E-09
202 .7478038E-09
203 .7579489E-09
204 .7681125E-09
205 .7782937E-09
206 .7884910E-09
207 .7987034E-09
208 .8089295E-09
209 .8191679E-09
210 .8294175E-09
211 .8396765E-09
212 .8499435E-09
213 .8602169E-09
214 .8704951E-09
215 .8807764E-09
216 .8910592E-09
217 .9013418E-09
218 .9116226E-09
219 .9218999E-09
220 .9321720E-09
221 .9424374E-09
222 .9526942E-09
223 .9629410E-09
224 .9731763E-09
225 .9833983E-09
226 .9936048E-09
227 .1003790E-08
228 .1013946E-08
229 .1024066E-08
230 .1034142E-08
231 .1044167E-08
232 .1054133E-08
233 .1064033E-08
234 .1073858E-08
235 .1083600E-08
236 .1093252E-08
237 .1102806E-08
238 .1112253E-08
239 .1121584E-08
240 .1130792E-08
241 .1139869E-08
242 .1148804E-08
243 .1157591E-08
244 .1166220E-08
245 .1174682E-08
246 .1182969E-08
247 .1191071E-08
248 .1198979E-08
249 .1206683E-08
250 .1214175E-08
251 .1138272E-08
252 .1128569E-08
253 .9670030E-09
254 .7855769E-09
255 .8917436E-09
256 .1093954E-08
257 .1003305E-08
258 .9275282E-09
259 .9428195E-09
260 .9449828E-09
261 .1079954E-08
262 .9907574E-09
263 .9148787E-09
264 .9986200E-09
265 .1312268E-08
266 .1265860E-08
267 .1251725E-08
268 .1434793E-08
269 .1443967E-08
270 .1530256E-08
271 .1656284E-08
272 .1730892E-08
273 .1809641E-08
274 .1921340E-08
275 .1916749E-08
276 .1862437E-08
277 .1903192E-08
278 .2232877E-08
279 .2444973E-08
280 .2490376E-08
281 .2902972E-08
282 .3357970E-08
283 .3634693E-08
284 .3850759E-08
285 .3811247E-08
286 .4019403E-08
287 .4157514E-08
288 .4567207E-08
289 .4591234E-08
290 .4927825E-08
291 .5207572E-08
292 .5224330E-08
293 .5287809E-08
294 .5323553E-08
295 .5259317E-08
296 .5140574E-08
297 .5524192E-08
298 .5741317E-08
299 .5653788E-08
300 .5676908E-08
301 .5681845E-08
302 .6031888E-08
303 .6497737E-08
304 .6686967E-08
305 .6248579E-08
306 .6072931E-08
307 .6540308E-08
308 .6740107E-08
309 .6047588E-08
310 .5811400E-08
311 .5725805E-08
312 .5742747E-08
313 .6385379E-08
314 .6330999E-08
315 .5533071E-08
316 .6310764E-08
317 .6758530E-08
318 .6253308E-08
319 .5916437E-08
320 .6182036E-08
321 .5346159E-08
322 .5452217E-08
323 .4786364E-08
324 .4767906E-08
325 .4492149E-08
326 .4498604E-08
327 .4535225E-08
328 .4556719E-08
329 .4722141E-08
330 .4897366E-08
331 .5055228E-08
332 .5500466E-08
333 .5902853E-08
334 .6111043E-08
335 .6290417E-08
336 .6486025E-08
337 .6471332E-08
338 .6376502E-08
339 .6232571E-08
340 .6442201E-08
341 .6646303E-08
342 .7069198E-08
343 .7416032E-08
344 .7857042E-08
345 .8063708E-08
346 .8420938E-08
347 .8804420E-08
348 .8797940E-08
349 .8878146E-08
350 .9116462E-08
351 .9336424E-08
352 .9323399E-08
353 .9214419E-08
354 .9112033E-08
355 .8984610E-08
356 .8878269E-08
357 .8567569E-08
358 .8291043E-08
359 .7975045E-08
360 .7457644E-08
361 .6833516E-08
362 .6475615E-08
363 .6079631E-08
364 .5670929E-08
365 .5255513E-08
366 .4715678E-08
367 .4362993E-08
368 .4001371E-08
369 .3686955E-08
370 .3472416E-08
371 .3467311E-08
372 .3539198E-08
373 .3673042E-08
374 .3929236E-08
375 .4227975E-08
376 .4390121E-08
377 .4530306E-08
378 .4654975E-08
379 .4703811E-08
380 .4821188E-08
381 .5069642E-08
382 .5433123E-08
383 .5818860E-08
384 .6274904E-08
385 .6761895E-08
386 .7185005E-08
387 .7599348E-08
388 .8012424E-08
389 .8251803E-08
390 .8566854E-08
391 .8719049E-08
392 .8921069E-08
393 .8944322E-08
394 .8670671E-08
395 .8569999E-08
396 .8235704E-08
397 .7768208E-08
398 .7297821E-08
399 .7105545E-08
400 .6971465E-08
401 .7016503E-08
402 .7229104E-08
403 .7487212E-08
404 .7737945E-08
405 .8035577E-08
406 .8227500E-08
407 .8467229E-08
408 .8501831E-08
409 .8413281E-08
410 .8343359E-08
411 .8196777E-08
412 .8008377E-08
413 .7751627E-08
414 .7570163E-08
415 .7428077E-08
416 .7251049E-08
417 .7104469E-08
418 .6965864E-08
419 .6762240E-08
420 .6522424E-08
421 .6261273E-08
422 .6036709E-08
423 .5838677E-08
424 .5585846E-08
425 .5409267E-08
426 .5220317E-08
427 .5008649E-08
428 .4733620E-08
429 .4551735E-08
430 .4443034E-08
431 .4460227E-08
432 .4506337E-08
433 .4669879E-08
434 .4859228E-08
435 .5054398E-08
436 .5193880E-08
437 .5285933E-08
438 .5290055E-08
439 .5214527E-08
440 .5077384E-08
441 .5013112E-08
442 .4976111E-08
443 .5016794E-08
444 .5151303E-08
445 .5332340E-08
446 .5504373E-08
447 .5643952E-08
448 .5757736E-08
449 .5759491E-08
450 .5819099E-08
451 .5839696E-08
452 .5798428E-08
453 .5734349E-08
454 .5619453E-08
455 .5504137E-08
456 .5470252E-08
457 .5373977E-08
458 .5324270E-08
459 .5306834E-08
460 .5265979E-08
461 .5209094E-08
462 .5053373E-08
463 .4867620E-08
464 .4701265E-08
465 .4515944E-08
466 .4377869E-08
467 .4222257E-08
468 .4176899E-08
469 .4210668E-08
470 .4202161E-08
471 .4135533E-08
472 .4073820E-08
473 .4009906E-08
474 .3915181E-08
475 .3839337E-08
476 .3834814E-08
477 .3883957E-08
478 .3897913E-08
479 .3892210E-08
480 .3815370E-08
481 .3686332E-08
482 .3525204E-08
483 .3335373E-08
484 .3145832E-08
485 .3003296E-08
486 .2897035E-08
487 .2879204E-08
488 .2917443E-08
489 .2966458E-08
490 .3013049E-08
491 .3079612E-08
492 .3157989E-08
493 .3220066E-08
494 .3254719E-08
495 .3296791E-08
496 .3319784E-08
497 .3332443E-08
498 .3339915E-08
499 .3349970E-08
500 .3397823E-08
501 .3427401E-08
502 .3472824E-08
503 .3509910E-08
504 .3565745E-08
505 .3640217E-08
506 .3732360E-08
507 .3822643E-08
508 .3895376E-08
509 .3950087E-08
510 .3994769E-08
511 .3992208E-08
512 .3953508E-08
513 .3908263E-08
514 .3856706E-08
515 .3833473E-08
516 .3841653E-08
517 .3842700E-08
518 .3846403E-08
519 .3857814E-08
520 .3822559E-08
521 .3728832E-08
522 .3588901E-08
523 .3416601E-08
524 .3230990E-08
525 .3043570E-08
526 .2916536E-08
527 .2808607E-08
528 .2739678E-08
529 .2705420E-08
530 .2709865E-08
531 .2728119E-08
532 .2756271E-08
533 .2800590E-08
534 .2827493E-08
535 .2841376E-08
536 .2864632E-08
537 .2859050E-08
538 .2827983E-08
539 .2779114E-08
540 .2725674E-08
541 .2648285E-08
542 .2546189E-08
543 .2468114E-08
544 .2379502E-08
545 .2337644E-08
546 .2336986E-08
547 .2371687E-08
548 .2443820E-08
549 .2544571E-08
550 .2631454E-08
551 .2714631E-08
552 .2794572E-08
553 .2842742E-08
554 .2859997E-08
555 .2872009E-08
556 .2872817E-08
557 .2871898E-08
558 .2883099E-08
559 .2898939E-08
560 .2914652E-08
561 .2926571E-08
562 .2928311E-08
563 .2911194E-08
564 .2911697E-08
565 .2886945E-08
566 .2868123E-08
567 .2850262E-08
568 .2833223E-08
569 .2786217E-08
570 .2725897E-08
571 .2658927E-08
572 .2570720E-08
573 .2496520E-08
574 .2432317E-08
575 .2377392E-08
576 .2326695E-08
577 .2311024E-08
578 .2305558E-08
579 .2303105E-08
580 .2335592E-08
581 .2364762E-08
582 .2401170E-08
583 .2425060E-08
584 .2453920E-08
585 .2468478E-08
586 .2492120E-08
587 .2522340E-08
588 .2519765E-08
589 .2491316E-08
590 .2357743E-08
591 .2403610E-08
592 .2458146E-08
593 .2460697E-08
594 .2427955E-08
595 .2386213E-08
596 .2366336E-08
597 .2318212E-08
598 .2263253E-08
599 .2217212E-08
600 .2137905E-08
601 .2057749E-08
602 .1974528E-08
603 .1898036E-08
604 .1807592E-08
605 .1707956E-08
606 .1603545E-08
607 .1490271E-08
608 .1400160E-08
609 .1304090E-08
610 .1232069E-08
611 .1168353E-08
612 .1130887E-08
613 .1127920E-08
614 .1135334E-08
615 .1178817E-08
616 .1247124E-08
617 .1329657E-08
618 .1432979E-08
619 .1545388E-08
620 .1662900E-08
621 .1773451E-08
622 .1870573E-08
623 .1960427E-08
624 .2040530E-08
625 .2127285E-08
626 .2194659E-08
627 .2253609E-08
628 .2239419E-08
629 .2298088E-08
630 .2322568E-08
631 .2354997E-08
632 .2368702E-08
633 .2388971E-08
634 .2402043E-08
635 .2416809E-08
636 .2409506E-08
637 .2421728E-08
638 .2410691E-08
639 .2407410E-08
640 .2393607E-08
641 .2369428E-08
642 .2354134E-08
643 .2326033E-08
644 .2305491E-08
645 .2281391E-08
646 .2264438E-08
647 .2239183E-08
648 .2214148E-08
649 .2206486E-08
650 .2195800E-08
651 .2190320E-08
652 .2180547E-08
653 .2158079E-08
654 .2126668E-08
655 .2117917E-08
656 .2104794E-08
657 .2077543E-08
658 .2063487E-08
659 .2044557E-08
660 .2016371E-08
661 .1983694E-08
662 .1965875E-08
663 .1946193E-08
664 .1927097E-08
665 .1916858E-08
666 .1905980E-08
667 .1887275E-08
668 .1862706E-08
669 .1839072E-08
670 .1808557E-08
671 .1778798E-08
672 .1753929E-08
673 .1733882E-08
674 .1710526E-08
675 .1690720E-08
676 .1670749E-08
677 .1651070E-08
678 .1635634E-08
679 .1629252E-08
680 .1626087E-08
681 .1624373E-08
682 .1622545E-08
683 .1612473E-08
684 .1593507E-08
685 .1549596E-08
686 .1540733E-08
687 .1511617E-08
688 .1500309E-08
689 .1487842E-08
690 .1508596E-08
691 .1486374E-08
692 .1493209E-08
693 .1480493E-08
694 .1467729E-08
695 .1463332E-08
696 .1464087E-08
697 .1449781E-08
698 .1442039E-08
699 .1439325E-08
700 .1422261E-08
701 .1402956E-08
702 .1398675E-08
703 .1398568E-08
704 .1399467E-08
705 .1403192E-08
706 .1410129E-08
707 .1413613E-08
708 .1408500E-08
709 .1404721E-08
710 .1403643E-08
711 .1404286E-08
712 .1404606E-08
713 .1405271E-08
714 .1404675E-08
715 .1379079E-08
716 .1359851E-08
717 .1325088E-08
718 .1309080E-08
719 .1297335E-08
720 .1296048E-08
721 .1276992E-08
722 .1268325E-08
723 .1258277E-08
724 .1237932E-08
725 .1222682E-08
726 .1198748E-08
727 .1192169E-08
728 .1176013E-08
729 .1154668E-08
730 .1133947E-08
731 .1136061E-08
732 .1118726E-08
733 .1090327E-08
734 .1076451E-08
735 .1064361E-08
736 .1055451E-08
737 .1051587E-08
738 .1051417E-08
739 .1044854E-08
740 .1039824E-08
741 .1018795E-08
742 .9873727E-09
743 .9553913E-09
744 .9194848E-09
745 .8856091E-09
746 .8615289E-09
747 .8490587E-09
748 .8432146E-09
749 .8486647E-09
750 .8536860E-09
751 .8579706E-09
752 .8571711E-09
753 .8547706E-09
754 .8410454E-09
755 .8281399E-09
756 .8180110E-09
757 .8194097E-09
758 .8192326E-09
759 .8286649E-09
760 .8404823E-09
761 .8537821E-09
762 .8632281E-09
763 .8796935E-09
764 .8910925E-09
765 .8990054E-09
766 .9026936E-09
767 .9029074E-09
768 .8896872E-09
769 .8797511E-09
770 .8721113E-09
771 .8646639E-09
772 .8546741E-09
773 .8550293E-09
774 .8519028E-09
775 .8484500E-09
776 .8415267E-09
777 .8384173E-09
778 .8238967E-09
779 .8085977E-09
780 .7859915E-09
781 .7648617E-09
782 .7410510E-09
783 .7208113E-09
784 .7011213E-09
785 .6832776E-09
786 .6657956E-09
787 .6485521E-09
788 .6319228E-09
789 .6159885E-09
790 .6024930E-09
791 .5915057E-09
792 .5857256E-09
793 .5850325E-09
794 .5830106E-09
795 .5796045E-09
796 .5764939E-09
797 .5737909E-09
798 .5673908E-09
799 .5650515E-09
800 .5683355E-09
801 .5746099E-09
802 .5819785E-09
803 .5949081E-09
804 .6112762E-09
805 .6226209E-09
806 .6310176E-09
807 .6336280E-09
808 .6358134E-09
809 .6320277E-09
810 .6344718E-09
811 .6385731E-09
812 .6364031E-09
813 .6281123E-09
814 .6237978E-09
815 .6142163E-09
816 .5982897E-09
817 .6008114E-09
818 .5987433E-09
819 .6080484E-09
820 .6070660E-09
821 .5907987E-09
822 .6039896E-09
823 .6135859E-09
824 .6022221E-09
825 .6148511E-09
826 .6344444E-09
827 .6139395E-09
828 .6076348E-09
829 .6079696E-09
830 .5893757E-09
831 .5973974E-09
832 .5945872E-09
833 .5980892E-09
834 .5987110E-09
835 .6070763E-09
836 .6047371E-09
837 .6141145E-09
838 .6139750E-09
839 .6221906E-09
840 .6297450E-09
841 .6369334E-09
842 .6426065E-09
843 .6510182E-09
844 .6586926E-09
845 .6637925E-09
846 .6660741E-09
847 .6637307E-09
848 .6624056E-09
849 .6546930E-09
850 .6523823E-09
851 .6558422E-09
852 .6614559E-09
853 .6628918E-09
854 .6716612E-09
855 .6686059E-09
856 .6591945E-09
857 .6586611E-09
858 .6581081E-09
859 .6509332E-09
860 .6485750E-09
861 .6488052E-09
862 .6533011E-09
863 .6476488E-09
864 .6608554E-09
865 .6613541E-09
866 .6554738E-09
867 .6426289E-09
868 .6529926E-09
869 .6400798E-09
870 .6444643E-09
871 .6442127E-09
872 .6279239E-09
873 .6419182E-09
874 .6385027E-09
875 .6300667E-09
876 .6275427E-09
877 .6256026E-09
878 .6237488E-09
879 .6169043E-09
880 .5974642E-09
881 .5950326E-09
882 .5788618E-09
883 .5555330E-09
884 .5418598E-09
885 .5331696E-09
886 .5185135E-09
887 .5109308E-09
888 .4837353E-09
889 .4910468E-09
890 .4826765E-09
891 .4885715E-09
892 .4796736E-09
893 .4818037E-09
894 .4907396E-09
895 .4801105E-09
896 .4825448E-09
897 .4618290E-09
898 .4870591E-09
899 .4453657E-09
900 .4589292E-09
901 .4538061E-09
902 .4435975E-09
903 .4550736E-09
904 .4657926E-09
905 .4555584E-09
906 .4570347E-09
907 .4469863E-09
908 .4513869E-09
909 .4537322E-09
910 .4506154E-09
911 .4654282E-09
912 .4601987E-09
913 .4544249E-09
914 .4704145E-09
915 .4633359E-09
916 .4566437E-09
917 .4733181E-09
918 .4675461E-09
919 .4963186E-09
920 .4784464E-09
921 .4930422E-09
922 .4911419E-09
923 .4874309E-09
924 .4775120E-09
925 .4772286E-09
926 .4899100E-09
927 .4800101E-09
928 .4669136E-09
929 .4641123E-09
930 .4428391E-09
931 .4037617E-09
932 .3595054E-09
933 .3564236E-09
934 .3118166E-09
935 .3347732E-09
936 .3185281E-09
937 .3428489E-09
938 .3247214E-09
939 .3853404E-09
940 .4013547E-09
941 .3913962E-09
942 .3657993E-09
943 .3297260E-09
944 .3228446E-09
945 .3384630E-09
946 .3252958E-09
947 .3359416E-09
948 .3461625E-09
949 .3481968E-09
950 .2975903E-09
951 .3498084E-09
952 .3090853E-09
953 .3180363E-09
954 .3336593E-09
955 .3225259E-09
956 .3244904E-09
957 .3021755E-09
958 .3358789E-09
959 .3042307E-09
960 .3194985E-09
961 .3150883E-09
962 .3234038E-09
963 .3175591E-09
964 .3156362E-09
965 .3138906E-09
966 .3308987E-09
967 .2963310E-09
968 .3088299E-09
969 .3044864E-09
970 .3019567E-09
971 .3112732E-09
972 .2950038E-09
973 .3110380E-09
974 .2954112E-09
975 .2932582E-09
976 .2843276E-09
977 .3035982E-09
978 .2922888E-09
979 .2881864E-09
980 .2934581E-09
981 .2763401E-09
982 .2842715E-09
983 .2896919E-09
984 .2931405E-09
985 .2891456E-09
986 .2859178E-09
987 .2805731E-09
988 .2948786E-09
989 .2790724E-09
990 .2838757E-09
991 .2596903E-09
992 .2845358E-09
993 .2579972E-09
994 .2580869E-09
995 .2847296E-09
996 .2693841E-09
997 .2701569E-09
998 .2705562E-09
999 .2720202E-09
1000 .2731945E-09
1001 .2720213E-09
1002 .2708491E-09
1003 .2696777E-09
1004 .2685066E-09
1005 .2673362E-09
1006 .2661663E-09
1007 .2649971E-09
1008 .2638279E-09
1009 .2626595E-09
1010 .2614916E-09
1011 .2603240E-09
1012 .2591568E-09
1013 .2579901E-09
1014 .2568234E-09
1015 .2556575E-09
1016 .2544916E-09
1017 .2533260E-09
1018 .2521608E-09
1019 .2509958E-09
1020 .2498310E-09
1021 .2486665E-09
1022 .2475021E-09
1023 .2463377E-09
1024 .2451736E-09
1025 .2440094E-09
1026 .2428455E-09
1027 .2416819E-09
1028 .2405180E-09
1029 .2393542E-09
1030 .2381903E-09
1031 .2370262E-09
1032 .2358627E-09
1033 .2346987E-09
1034 .2335347E-09
1035 .2323708E-09
1036 .2312066E-09
1037 .2300421E-09
1038 .2288778E-09
1039 .2277131E-09
1040 .2265483E-09
1041 .2253832E-09
1042 .2242179E-09
1043 .2230527E-09
1044 .2218868E-09
1045 .2207208E-09
1046 .2195544E-09
1047 .2183880E-09
1048 .2172210E-09
1049 .2160537E-09
1050 .2148861E-09
1051 .2137184E-09
1052 .2125502E-09
1053 .2113815E-09
1054 .2102126E-09
1055 .2090435E-09
1056 .2078737E-09
1057 .2067035E-09
1058 .2055330E-09
1059 .2043620E-09
1060 .2031909E-09
1061 .2020189E-09
1062 .2008465E-09
1063 .1996737E-09
1064 .1985005E-09
1065 .1973266E-09
1066 .1961524E-09
1067 .1949777E-09
1068 .1938024E-09
1069 .1926266E-09
1070 .1914501E-09
1071 .1902733E-09
1072 .1890957E-09
1073 .1879179E-09
1074 .1867393E-09
1075 .1855598E-09
1076 .1843802E-09
1077 .1831996E-09
1078 .1820186E-09
1079 .1808369E-09
1080 .1796545E-09
1081 .1784716E-09
1082 .1772879E-09
1083 .1761036E-09
1084 .1749185E-09
1085 .1737327E-09
1086 .1725464E-09
1087 .1713593E-09
1088 .1701716E-09
1089 .1689830E-09
1090 .1677935E-09
1091 .1666035E-09
1092 .1654130E-09
1093 .1642214E-09
1094 .1630290E-09
1095 .1618356E-09
1096 .1606420E-09
1097 .1594471E-09
1098 .1582518E-09
1099 .1570553E-09
1100 .1558582E-09
1101 .1546602E-09
1102 .1534613E-09
1103 .1522617E-09
1104 .1510611E-09
1105 .1498599E-09
1106 .1486575E-09
1107 .1474544E-09
1108 .1462504E-09
1109 .1450454E-09
1110 .1438396E-09
1111 .1426330E-09
1112 .1414253E-09
1113 .1402167E-09
1114 .1390073E-09
1115 .1377968E-09
1116 .1365854E-09
1117 .1353732E-09
1118 .1341598E-09
1119 .1329455E-09
1120 .1317303E-09
1121 .1305140E-09
1122 .1292970E-09
1123 .1280787E-09
1124 .1268595E-09
1125 .1256393E-09
1126 .1244181E-09
1127 .1231959E-09
1128 .1219726E-09
1129 .1207484E-09
1130 .1195232E-09
1131 .1195771E-09
1132 .1196312E-09
1133 .1196856E-09
1134 .1197399E-09
1135 .1197943E-09
1136 .1198490E-09
1137 .1199036E-09
1138 .1199584E-09
1139 .1200132E-09
1140 .1200683E-09
1141 .1201233E-09
1142 .1201783E-09
1143 .1202338E-09
1144 .1202890E-09
1145 .1203445E-09
1146 .1203998E-09
1147 .1204554E-09
1148 .1205112E-09
1149 .1205667E-09
1150 .1206226E-09
1151 .1206784E-09
1152 .1207343E-09
1153 .1207903E-09
1154 .1208463E-09
1155 .1209025E-09
1156 .1209586E-09
1157 .1210148E-09
1158 .1210710E-09
1159 .1211275E-09
1160 .1211837E-09
1161 .1212403E-09
1162 .1212967E-09
1163 .1213533E-09
1164 .1214098E-09
1165 .1214661E-09
1166 .1215229E-09
1167 .1215794E-09
1168 .1216361E-09
1169 .1216929E-09
1170 .1217496E-09
1171 .1218064E-09
1172 .1218629E-09
1173 .1219200E-09
1174 .1219767E-09
1175 .1220335E-09
1176 .1220902E-09
1177 .1221471E-09
1178 .1222038E-09
1179 .1222608E-09
1180 .1223177E-09
1181 .1223744E-09
1182 .1224312E-09
1183 .1224880E-09
1184 .1225450E-09
1185 .1226015E-09
1186 .1226583E-09
1187 .1227152E-09
1188 .1227718E-09
1189 .1228286E-09
1190 .1228852E-09
1191 .1229419E-09
1192 .1229985E-09
1193 .1230550E-09
1194 .1231116E-09
1195 .1231679E-09
1196 .1232246E-09
1197 .1232810E-09
1198 .1233374E-09
1199 .1233936E-09
1200 .1234500E-09
1201 .1235062E-09
1202 .1235625E-09
1203 .1236185E-09
1204 .1236745E-09
1205 .1237307E-09
1206 .1237864E-09
1207 .1238422E-09
1208 .1238980E-09
1209 .1239538E-09
1210 .1240093E-09
1211 .1240649E-09
1212 .1241203E-09
1213 .1241755E-09
1214 .1242309E-09
1215 .1242863E-09
1216 .1243411E-09
1217 .1243963E-09
1218 .1244510E-09
1219 .1245059E-09
1220 .1245606E-09
1221 .1246151E-09
1222 .1246695E-09
1223 .1247239E-09
1224 .1247781E-09
1225 .1248323E-09
1226 .1248863E-09
1227 .1249401E-09
1228 .1249940E-09
1229 .1250477E-09
1230 .1251009E-09
1231 .1251544E-09
1232 .1252075E-09
1233 .1252606E-09
1234 .1253135E-09
1235 .1253663E-09
1236 .1254187E-09
1237 .1254713E-09
1238 .1255236E-09
1239 .1255758E-09
1240 .1256278E-09
1241 .1256796E-09
1242 .1257313E-09
1243 .1257827E-09
1244 .1258341E-09
1245 .1258852E-09
1246 .1259361E-09
1247 .1259871E-09
1248 .1260377E-09
1249 .1260880E-09
1250 .1261382E-09
1251 .1262172E-09
1252 .1262964E-09
1253 .1263751E-09
1254 .1264537E-09
1255 .1265316E-09
1256 .1266098E-09
1257 .1266875E-09
1258 .1267649E-09
1259 .1268424E-09
1260 .1269195E-09
1261 .1269961E-09
1262 .1270728E-09
1263 .1271488E-09
1264 .1272248E-09
1265 .1273005E-09
1266 .1273760E-09
1267 .1274514E-09
1268 .1275262E-09
1269 .1276008E-09
1270 .1276754E-09
1271 .1277493E-09
1272 .1278228E-09
1273 .1278964E-09
1274 .1279699E-09
1275 .1280428E-09
1276 .1281152E-09
1277 .1281875E-09
1278 .1282595E-09
1279 .1283312E-09
1280 .1284026E-09
1281 .1284738E-09
1282 .1285443E-09
1283 .1286149E-09
1284 .1286851E-09
1285 .1287548E-09
1286 .1288241E-09
1287 .1288934E-09
1288 .1289621E-09
1289 .1290305E-09
1290 .1290987E-09
1291 .1291665E-09
1292 .1292342E-09
1293 .1293011E-09
1294 .1293682E-09
1295 .1294346E-09
1296 .1295008E-09
1297 .1295668E-09
1298 .1296323E-09
1299 .1296977E-09
1300 .1297626E-09
1301 .1298275E-09
1302 .1298917E-09
1303 .1299556E-09
1304 .1300195E-09
1305 .1300828E-09
1306 .1301459E-09
1307 .1302088E-09
1308 .1302713E-09
1309 .1303335E-09
1310 .1303954E-09
1311 .1304570E-09
1312 .1305184E-09
1313 .1305794E-09
1314 .1306402E-09
1315 .1307005E-09
1316 .1307605E-09
1317 .1308205E-09
1318 .1308802E-09
1319 .1309392E-09
1320 .1309983E-09
1321 .1310569E-09
1322 .1311152E-09
1323 .1311734E-09
1324 .1312311E-09
1325 .1312886E-09
1326 .1313460E-09
1327 .1314028E-09
1328 .1314594E-09
1329 .1315161E-09
1330 .1315723E-09
1331 .1316278E-09
1332 .1316835E-09
1333 .1317388E-09
1334 .1317938E-09
1335 .1318486E-09
1336 .1319031E-09
1337 .1319574E-09
1338 .1320112E-09
1339 .1320650E-09
1340 .1321184E-09
1341 .1321715E-09
1342 .1322245E-09
1343 .1322769E-09
1344 .1323294E-09
1345 .1323814E-09
1346 .1324333E-09
1347 .1324849E-09
1348 .1325361E-09
1349 .1325873E-09
1350 .1326382E-09
1351 .1326888E-09
1352 .1327390E-09
1353 .1327894E-09
1354 .1328389E-09
1355 .1328884E-09
1356 .1329377E-09
1357 .1329871E-09
1358 .1330357E-09
1359 .1330844E-09
1360 .1331326E-09
1361 .1331808E-09
1362 .1332290E-09
1363 .1332763E-09
1364 .1333239E-09
1365 .1333710E-09
1366 .1334180E-09
1367 .1334648E-09
1368 .1335113E-09
1369 .1335573E-09
1370 .1336034E-09
1371 .1329457E-09
1372 .1322874E-09
1373 .1316287E-09
1374 .1309689E-09
1375 .1303083E-09
1376 .1296473E-09
1377 .1289855E-09
1378 .1283229E-09
1379 .1276601E-09
1380 .1269961E-09
1381 .1263317E-09
1382 .1256665E-09
1383 .1250008E-09
1384 .1243343E-09
1385 .1236673E-09
1386 .1229996E-09
1387 .1223313E-09
1388 .1216622E-09
1389 .1209927E-09
1390 .1203225E-09
1391 .1196517E-09
1392 .1189803E-09
1393 .1183082E-09
1394 .1176356E-09
1395 .1169624E-09
1396 .1162885E-09
1397 .1156141E-09
1398 .1149391E-09
1399 .1142634E-09
1400 .1135874E-09
1401 .1129105E-09
1402 .1122332E-09
1403 .1115553E-09
1404 .1108769E-09
1405 .1101980E-09
1406 .1095183E-09
1407 .1088381E-09
1408 .1081575E-09
1409 .1074763E-09
1410 .1067945E-09
1411 .1061123E-09
1412 .1054295E-09
1413 .1047461E-09
1414 .1040623E-09
1415 .1033779E-09
1416 .1026930E-09
1417 .1020076E-09
1418 .1013216E-09
1419 .1006353E-09
1420 .9994833E-10
1421 .9926093E-10
1422 .9857302E-10
1423 .9788461E-10
1424 .9719573E-10
1425 .9650635E-10
1426 .9581646E-10
1427 .9512609E-10
1428 .9443528E-10
1429 .9374403E-10
1430 .9305226E-10
1431 .9236009E-10
1432 .9166739E-10
1433 .9097426E-10
1434 .9028069E-10
1435 .8958663E-10
1436 .8889214E-10
1437 .8819719E-10
1438 .8750186E-10
1439 .8680598E-10
1440 .8610976E-10
1441 .8541311E-10
1442 .8471595E-10
1443 .8401840E-10
1444 .8332040E-10
1445 .8262205E-10
1446 .8192329E-10
1447 .8122396E-10
1448 .8052434E-10
1449 .7982434E-10
1450 .7912383E-10
1451 .7842297E-10
1452 .7772173E-10
1453 .7702008E-10
1454 .7631797E-10
1455 .7561553E-10
1456 .7491265E-10
1457 .7420945E-10
1458 .7350580E-10
1459 .7280178E-10
1460 .7209736E-10
1461 .7139257E-10
1462 .7068743E-10
1463 .6998186E-10
1464 .6927599E-10
1465 .6856970E-10
1466 .6786307E-10
1467 .6715604E-10
1468 .6644859E-10
1469 .6574095E-10
1470 .6503279E-10
1471 .6432435E-10
1472 .6361550E-10
1473 .6290636E-10
1474 .6219678E-10
1475 .6148692E-10
1476 .6077668E-10
1477 .6006614E-10
1478 .5935521E-10
1479 .5864394E-10
1480 .5793231E-10
1481 .5722040E-10
1482 .5650809E-10
1483 .5579547E-10
1484 .5508250E-10
1485 .5436918E-10
1486 .5365559E-10
1487 .5294163E-10
1488 .5222734E-10
1489 .5151273E-10
1490 .5079779E-10
1491 .5008253E-10
1492 .4936692E-10
1493 .4865101E-10
1494 .4793471E-10
1495 .4721814E-10
1496 .4650127E-10
1497 .4578406E-10
1498 .4506648E-10
1499 .4434865E-10
1500 .4363046E-10
1501 .4363937E-10
1502 .4364827E-10
1503 .4365715E-10
1504 .4366599E-10
1505 .4367482E-10
1506 .4368361E-10
1507 .4369239E-10
1508 .4370119E-10
1509 .4370998E-10
1510 .4371870E-10
1511 .4372738E-10
1512 .4373607E-10
1513 .4374479E-10
1514 .4375342E-10
1515 .4376207E-10
1516 .4377070E-10
1517 .4377932E-10
1518 .4378788E-10
1519 .4379647E-10
1520 .4380501E-10
1521 .4381357E-10
1522 .4382206E-10
1523 .4383059E-10
1524 .4383903E-10
1525 .4384751E-10
1526 .4385596E-10
1527 .4386439E-10
1528 .4387279E-10
1529 .4388118E-10
1530 .4388959E-10
1531 .4389790E-10
1532 .4390627E-10
1533 .4391456E-10
1534 .4392289E-10
1535 .4393117E-10
1536 .4393945E-10
1537 .4394771E-10
1538 .4395594E-10
1539 .4396417E-10
1540 .4397237E-10
1541 .4398059E-10
1542 .4398872E-10
1543 .4399693E-10
1544 .4400506E-10
1545 .4401317E-10
1546 .4402129E-10
1547 .4402940E-10
1548 .4403746E-10
1549 .4404555E-10
1550 .4405355E-10
1551 .4406160E-10
1552 .4406962E-10
1553 .4407760E-10
1554 .4408559E-10
1555 .4409360E-10
1556 .4410152E-10
1557 .4410946E-10
1558 .4411741E-10
1559 .4412529E-10
1560 .4413319E-10
1561 .4414106E-10
1562 .4414893E-10
1563 .4415676E-10
1564 .4416460E-10
1565 .4417241E-10
1566 .4418024E-10
1567 .4418806E-10
1568 .4419584E-10
1569 .4420357E-10
1570 .4421129E-10
1571 .4421903E-10
1572 .4422677E-10
1573 .4423449E-10
1574 .4424219E-10
1575 .4424983E-10
1576 .4425750E-10
1577 .4426518E-10
1578 .4427280E-10
1579 .4428040E-10
1580 .4428805E-10
1581 .4429561E-10
1582 .4430322E-10
1583 .4431077E-10
1584 .4431834E-10
1585 .4432589E-10
1586 .4433342E-10
1587 .4434092E-10
1588 .4434843E-10
1589 .4435594E-10
1590 .4436343E-10
1591 .4437086E-10
1592 .4437835E-10
1593 .4438578E-10
1594 .4439321E-10
1595 .4440062E-10
1596 .4440800E-10
1597 .4441541E-10
1598 .4442281E-10
1599 .4443017E-10
1600 .4443751E-10
1601 .4444487E-10
1602 .4445217E-10
1603 .4445951E-10
1604 .4446682E-10
1605 .4447413E-10
1606 .4448141E-10
1607 .4448871E-10
1608 .4449597E-10
1609 .4450317E-10
1610 .4451042E-10
1611 .4451767E-10
1612 .4452487E-10
1613 .4453208E-10
1614 .4453931E-10
1615 .4454647E-10
1616 .4455363E-10
1617 .4456080E-10
1618 .4456796E-10
1619 .4457509E-10
1620 .4458227E-10
1621 .4458935E-10
1622 .4459648E-10
1623 .4460357E-10
1624 .4461069E-10
1625 .4461773E-10
1626 .4461409E-10
1627 .4461036E-10
1628 .4460672E-10
1629 .4460308E-10
1630 .4459943E-10
1631 .4459577E-10
1632 .4459215E-10
1633 .4458850E-10
1634 .4458491E-10
1635 .4458130E-10
1636 .4457767E-10
1637 .4457408E-10
1638 .4457048E-10
1639 .4456689E-10
1640 .4456330E-10
1641 .4455972E-10
1642 .4455613E-10
1643 .4455261E-10
1644 .4454905E-10
1645 .4454551E-10
1646 .4454197E-10
1647 .4453844E-10
1648 .4453490E-10
1649 .4453140E-10
1650 .4452790E-10
1651 .4452440E-10
1652 .4452088E-10
1653 .4451740E-10
1654 .4451392E-10
1655 .4451046E-10
1656 .4450698E-10
1657 .4450354E-10
1658 .4450010E-10
1659 .4449662E-10
1660 .4449322E-10
1661 .4448976E-10
1662 .4448637E-10
1663 .4448296E-10
1664 .4447954E-10
1665 .4447617E-10
1666 .4447279E-10
1667 .4446938E-10
1668 .4446601E-10
1669 .4446269E-10
1670 .4445929E-10
1671 .4445596E-10
1672 .4445258E-10
1673 .4444928E-10
1674 .4444595E-10
1675 .4444266E-10
1676 .4443933E-10
1677 .4443605E-10
1678 .4443275E-10
1679 .4442947E-10
1680 .4442623E-10
1681 .4442294E-10
1682 .4441971E-10
1683 .4441645E-10
1684 .4441321E-10
1685 .4441000E-10
1686 .4440675E-10
1687 .4440357E-10
1688 .4440035E-10
1689 .4439717E-10
1690 .4439397E-10
1691 .4439077E-10
1692 .4438762E-10
1693 .4438447E-10
1694 .4438133E-10
1695 .4437815E-10
1696 .4437501E-10
1697 .4437188E-10
1698 .4436876E-10
1699 .4436565E-10
1700 .4436253E-10
1701 .4435946E-10
1702 .4435634E-10
1703 .4435324E-10
1704 .4435019E-10
1705 .4434713E-10
1706 .4434406E-10
1707 .4434101E-10
1708 .4433799E-10
1709 .4433491E-10
1710 .4433187E-10
1711 .4432888E-10
1712 .4432585E-10
1713 .4432285E-10
1714 .4431988E-10
1715 .4431686E-10
1716 .4431386E-10
1717 .4431088E-10
1718 .4430792E-10
1719 .4430494E-10
1720 .4430202E-10
1721 .4429905E-10
1722 .4429612E-10
1723 .4429317E-10
1724 .4429022E-10
1725 .4428730E-10
1726 .4428438E-10
1727 .4428144E-10
1728 .4427856E-10
1729 .4427568E-10
1730 .4427280E-10
1731 .4426988E-10
1732 .4426703E-10
1733 .4426414E-10
1734 .4426128E-10
1735 .4425843E-10
1736 .4425556E-10
1737 .4425271E-10
1738 .4424991E-10
1739 .4424708E-10
1740 .4424423E-10
1741 .4424143E-10
1742 .4423863E-10
1743 .4423578E-10
1744 .4423300E-10
1745 .4423017E-10
1746 .4422743E-10
1747 .4422462E-10
1748 .4422184E-10
1749 .4421909E-10
1750 .4421631E-10
1751 .4421356E-10
1752 .4421082E-10
1753 .4420806E-10
1754 .4420532E-10
1755 .4420256E-10
1756 .4419982E-10
1757 .4419710E-10
1758 .4419440E-10
1759 .4419166E-10
1760 .4418898E-10
1761 .4418627E-10
1762 .4418355E-10
1763 .4418088E-10
1764 .4417821E-10
1765 .4417552E-10
1766 .4417281E-10
1767 .4417015E-10
1768 .4416749E-10
1769 .4416481E-10
1770 .4416216E-10
1771 .4415953E-10
1772 .4415685E-10
1773 .4415419E-10
1774 .4415158E-10
1775 .4414895E-10
1776 .4414633E-10
1777 .4414372E-10
1778 .4414109E-10
1779 .4413849E-10
1780 .4413584E-10
1781 .4413324E-10
1782 .4413066E-10
1783 .4412809E-10
1784 .4412547E-10
1785 .4412289E-10
1786 .4412032E-10
1787 .4411773E-10
1788 .4411515E-10
1789 .4411260E-10
1790 .4411005E-10
1791 .4410746E-10
1792 .4410493E-10
1793 .4410238E-10
1794 .4409981E-10
1795 .4409725E-10
1796 .4409473E-10
1797 .4409217E-10
1798 .4408970E-10
1799 .4408716E-10
1800 .4408460E-10
1801 .4395749E-10
1802 .4383036E-10
1803 .4370329E-10
1804 .4357622E-10
1805 .4344918E-10
1806 .4332209E-10
1807 .4319511E-10
1808 .4306809E-10
1809 .4294113E-10
1810 .4281415E-10
1811 .4268722E-10
1812 .4256027E-10
1813 .4243337E-10
1814 .4230644E-10
1815 .4217959E-10
1816 .4205270E-10
1817 .4192585E-10
1818 .4179901E-10
1819 .4167221E-10
1820 .4154540E-10
1821 .4141865E-10
1822 .4129185E-10
1823 .4116510E-10
1824 .4103840E-10
1825 .4091166E-10
1826 .4078498E-10
1827 .4065829E-10
1828 .4053165E-10
1829 .4040498E-10
1830 .4027837E-10
1831 .4015177E-10
1832 .4002517E-10
1833 .3989857E-10
1834 .3977201E-10
1835 .3964542E-10
1836 .3951889E-10
1837 .3939240E-10
1838 .3926588E-10
1839 .3913939E-10
1840 .3901292E-10
1841 .3888648E-10
1842 .3876003E-10
1843 .3863362E-10
1844 .3850720E-10
1845 .3838081E-10
1846 .3825443E-10
1847 .3812806E-10
1848 .3800173E-10
1849 .3787535E-10
1850 .3774910E-10
1851 .3762278E-10
1852 .3749646E-10
1853 .3737020E-10
1854 .3724391E-10
1855 .3711771E-10
1856 .3699149E-10
1857 .3686528E-10
1858 .3673906E-10
1859 .3661288E-10
1860 .3648672E-10
1861 .3636056E-10
1862 .3623444E-10
1863 .3610828E-10
1864 .3598220E-10
1865 .3585609E-10
1866 .3573002E-10
1867 .3560393E-10
1868 .3547789E-10
1869 .3535186E-10
1870 .3522583E-10
1871 .3509982E-10
1872 .3497383E-10
1873 .3484786E-10
1874 .3472187E-10
1875 .3459594E-10
1876 .3447001E-10
1877 .3434407E-10
1878 .3421812E-10
1879 .3409224E-10
1880 .3396637E-10
1881 .3384052E-10
1882 .3371464E-10
1883 .3358882E-10
1884 .3346297E-10
1885 .3333716E-10
1886 .3321139E-10
1887 .3308556E-10
1888 .3295980E-10
1889 .3283403E-10
1890 .3270830E-10
1891 .3258256E-10
1892 .3245685E-10
1893 .3233115E-10
1894 .3220543E-10
1895 .3207977E-10
1896 .3195410E-10
1897 .3182843E-10
1898 .3170282E-10
1899 .3157720E-10
1900 .3145160E-10
1901 .3132597E-10
1902 .3120039E-10
1903 .3107482E-10
1904 .3094925E-10
1905 .3082370E-10
1906 .3069818E-10
1907 .3057270E-10
1908 .3044716E-10
1909 .3032166E-10
1910 .3019618E-10
1911 .3007071E-10
1912 .2994523E-10
1913 .2981983E-10
1914 .2969438E-10
1915 .2956897E-10
1916 .2944355E-10
1917 .2931816E-10
1918 .2919281E-10
1919 .2906743E-10
1920 .2894208E-10
1921 .2881671E-10
1922 .2869141E-10
1923 .2856610E-10
1924 .2844078E-10
1925 .2831549E-10
1926 .2819025E-10
1927 .2806495E-10
1928 .2793973E-10
1929 .2781449E-10
1930 .2768923E-10
1931 .2756402E-10
1932 .2743882E-10
1933 .2731363E-10
1934 .2718845E-10
1935 .2706330E-10
1936 .2693815E-10
1937 .2681299E-10
1938 .2668791E-10
1939 .2656278E-10
1940 .2643766E-10
1941 .2631257E-10
1942 .2618751E-10
1943 .2606244E-10
1944 .2593739E-10
1945 .2581235E-10
1946 .2568732E-10
1947 .2556233E-10
1948 .2543730E-10
1949 .2531233E-10
1950 .2518732E-10
1951 .2506237E-10
1952 .2493742E-10
1953 .2481250E-10
1954 .2468757E-10
1955 .2456265E-10
1956 .2443774E-10
1957 .2431286E-10
1958 .2418796E-10
1959 .2406310E-10
1960 .2393826E-10
1961 .2381341E-10
1962 .2368859E-10
1963 .2356378E-10
1964 .2343895E-10
1965 .2331419E-10
1966 .2318941E-10
1967 .2306464E-10
1968 .2293990E-10
1969 .2281515E-10
1970 .2269045E-10
1971 .2256573E-10
1972 .2244102E-10
1973 .2231634E-10
1974 .2219167E-10
1975 .2206703E-10
1976 .2194238E-10
1977 .2181777E-10
1978 .2169314E-10
1979 .2156853E-10
1980 .2144396E-10
1981 .2131940E-10
1982 .2119482E-10
1983 .2107029E-10
1984 .2094577E-10
1985 .2082127E-10
1986 .2069676E-10
1987 .2057229E-10
1988 .2044783E-10
1989 .2032338E-10
1990 .2019894E-10
1991 .2007452E-10
1992 .1995013E-10
1993 .1982573E-10
1994 .1970136E-10
1995 .1957699E-10
1996 .1945266E-10
1997 .1932835E-10
1998 .1920402E-10
1999 .1907973E-10
2000 .1895546E-10
2001 .1883120E-10
2002 .1870695E-10
2003 .1858272E-10
2004 .1845849E-10
2005 .1833429E-10
2006 .1821010E-10
2007 .1808593E-10
2008 .1796179E-10
2009 .1783765E-10
2010 .1771353E-10
2011 .1771262E-10
2012 .1771174E-10
2013 .1771083E-10
2014 .1770996E-10
2015 .1770907E-10
2016 .1770819E-10
2017 .1770731E-10
2018 .1770645E-10
2019 .1770559E-10
2020 .1770472E-10
2021 .1770387E-10
2022 .1770301E-10
2023 .1770215E-10
2024 .1770131E-10
2025 .1770049E-10
2026 .1769963E-10
2027 .1769878E-10
2028 .1769795E-10
2029 .1769715E-10
2030 .1769632E-10
2031 .1769553E-10
2032 .1769473E-10
2033 .1769391E-10
2034 .1769310E-10
2035 .1769232E-10
2036 .1769154E-10
2037 .1769077E-10
2038 .1768999E-10
2039 .1768921E-10
2040 .1768848E-10
2041 .1768769E-10
2042 .1768695E-10
2043 .1768620E-10
2044 .1768545E-10
2045 .1768474E-10
2046 .1768400E-10
2047 .1768327E-10
2048 .1768256E-10
2049 .1768186E-10
2050 .1768115E-10
2051 .1768046E-10
2052 .1767977E-10
2053 .1767910E-10
2054 .1767844E-10
2055 .1767776E-10
2056 .1767710E-10
2057 .1767647E-10
2058 .1767582E-10
2059 .1767517E-10
2060 .1767454E-10
2061 .1767392E-10
2062 .1767332E-10
2063 .1767271E-10
2064 .1767210E-10
2065 .1767150E-10
2066 .1767093E-10
2067 .1767034E-10
2068 .1766979E-10
2069 .1766923E-10
2070 .1766866E-10
2071 .1766815E-10
2072 .1766760E-10
2073 .1766708E-10
2074 .1766657E-10
2075 .1766607E-10
2076 .1766556E-10
2077 .1766507E-10
2078 .1766459E-10
2079 .1766411E-10
2080 .1766368E-10
2081 .1766320E-10
2082 .1766277E-10
2083 .1766233E-10
2084 .1766188E-10
2085 .1766149E-10
2086 .1766108E-10
2087 .1766067E-10
2088 .1766031E-10
2089 .1765992E-10
2090 .1765955E-10
2091 .1765920E-10
2092 .1765885E-10
2093 .1765851E-10
2094 .1765818E-10
2095 .1765786E-10
2096 .1765755E-10
2097 .1765727E-10
2098 .1765699E-10
2099 .1765671E-10
2100 .1765645E-10
2101 .1765618E-10
2102 .1765596E-10
2103 .1765572E-10
2104 .1765550E-10
2105 .1765532E-10
2106 .1765512E-10
2107 .1765490E-10
2108 .1765474E-10
2109 .1765459E-10
2110 .1765441E-10
2111 .1765431E-10
2112 .1765416E-10
2113 .1765405E-10
2114 .1765395E-10
2115 .1765385E-10
2116 .1765375E-10
2117 .1765369E-10
2118 .1765365E-10
2119 .1765362E-10
2120 .1765357E-10
2121 .1765357E-10
2122 .1765357E-10
2123 .1765356E-10
2124 .1765360E-10
2125 .1765360E-10
2126 .1765369E-10
2127 .1765375E-10
2128 .1765379E-10
2129 .1765391E-10
2130 .1765399E-10
2131 .1765409E-10
2132 .1765424E-10
2133 .1765434E-10
2134 .1765450E-10
2135 .1765470E-10
2136 .1765486E-10
2137 .1765504E-10
2138 .1765526E-10
2139 .1765548E-10
2140 .1765572E-10
2141 .1765598E-10
2142 .1765622E-10
2143 .1765651E-10
2144 .1765681E-10
2145 .1765711E-10
2146 .1765744E-10
2147 .1765777E-10
2148 .1765811E-10
2149 .1765849E-10
2150 .1765888E-10
2151 .1765928E-10
2152 .1765968E-10
2153 .1766010E-10
2154 .1766054E-10
2155 .1766101E-10
2156 .1766148E-10
2157 .1766197E-10
2158 .1766247E-10
2159 .1766300E-10
2160 .1766354E-10
2161 .1766409E-10
2162 .1766464E-10
2163 .1766524E-10
2164 .1766583E-10
2165 .1766644E-10
2166 .1766707E-10
2167 .1766774E-10
2168 .1766839E-10
2169 .1766907E-10
2170 .1766977E-10
2171 .1767048E-10
2172 .1767124E-10
2173 .1767197E-10
2174 .1767273E-10
2175 .1767351E-10
2176 .1767431E-10
2177 .1767514E-10
2178 .1767597E-10
2179 .1767682E-10
2180 .1767769E-10
2181 .1767859E-10
2182 .1767949E-10
2183 .1768040E-10
2184 .1768132E-10
2185 .1768230E-10
2186 .1768328E-10
2187 .1768426E-10
2188 .1768527E-10
2189 .1768630E-10
2190 .1768735E-10
2191 .1768840E-10
2192 .1768951E-10
2193 .1769064E-10
2194 .1769173E-10
2195 .1769288E-10
2196 .1769403E-10
2197 .1769521E-10
2198 .1769640E-10
2199 .1769761E-10
2200 .1769888E-10
2201 .1770013E-10
2202 .1770141E-10
2203 .1770268E-10
2204 .1770400E-10
2205 .1770533E-10
2206 .1770669E-10
2207 .1770808E-10
2208 .1770947E-10
2209 .1771088E-10
2210 .1771232E-10
2211 .1771375E-10
2212 .1771522E-10
2213 .1771673E-10
2214 .1771824E-10
2215 .1771977E-10
2216 .1772134E-10
2217 .1772290E-10
2218 .1772448E-10
2219 .1772613E-10
2220 .1772777E-10
2221 .1772942E-10
2222 .1773110E-10
2223 .1773279E-10
2224 .1773452E-10
2225 .1773626E-10
2226 .1773802E-10
2227 .1773984E-10
2228 .1774165E-10
2229 .1774348E-10
2230 .1774534E-10
2231 .1774718E-10
2232 .1774909E-10
2233 .1775099E-10
2234 .1775296E-10
2235 .1775490E-10
2236 .1775690E-10
2237 .1775889E-10
2238 .1776093E-10
2239 .1776297E-10
2240 .1776505E-10
2241 .1776715E-10
2242 .1776929E-10
2243 .1777143E-10
2244 .1777359E-10
2245 .1777578E-10
2246 .1777797E-10
2247 .1778020E-10
2248 .1778244E-10
2249 .1778473E-10
2250 .1778702E-10
2251 .1778937E-10
2252 .1779169E-10
2253 .1779404E-10
2254 .1779642E-10
2255 .1779885E-10
2256 .1780123E-10
2257 .1780370E-10
2258 .1780614E-10
2259 .1780866E-10
2260 .1781117E-10
2261 .1781369E-10
2262 .1781624E-10
2263 .1781879E-10
2264 .1782140E-10
2265 .1782401E-10
2266 .1782662E-10
2267 .1782926E-10
2268 .1783195E-10
2269 .1783464E-10
2270 .1783736E-10
2271 .1784009E-10
2272 .1784283E-10
2273 .1784562E-10
2274 .1784838E-10
2275 .1785119E-10
2276 .1785405E-10
2277 .1785686E-10
2278 .1785977E-10
2279 .1786263E-10
2280 .1786557E-10
2281 .1786848E-10
2282 .1787143E-10
2283 .1787438E-10
2284 .1787738E-10
2285 .1788037E-10
2286 .1788339E-10
2287 .1788644E-10
2288 .1788949E-10
2289 .1789259E-10
2290 .1789569E-10
2291 .1789880E-10
2292 .1790192E-10
2293 .1790507E-10
2294 .1790822E-10
2295 .1791143E-10
2296 .1791463E-10
2297 .1791786E-10
2298 .1792111E-10
2299 .1792435E-10
2300 .1792763E-10
2301 .1793094E-10
2302 .1793425E-10
2303 .1793758E-10
2304 .1794093E-10
2305 .1794429E-10
2306 .1794766E-10
2307 .1795106E-10
2308 .1795449E-10
2309 .1795791E-10
2310 .1796135E-10
2311 .1796484E-10
2312 .1796831E-10
2313 .1797181E-10
2314 .1797530E-10
2315 .1797885E-10
2316 .1798240E-10
2317 .1798596E-10
2318 .1798954E-10
2319 .1799314E-10
2320 .1799676E-10
2321 .1800040E-10
2322 .1800403E-10
2323 .1800770E-10
2324 .1801138E-10
2325 .1801507E-10
2326 .1801877E-10
2327 .1802250E-10
2328 .1802624E-10
2329 .1803001E-10
2330 .1803376E-10
2331 .1803755E-10
2332 .1804135E-10
2333 .1804518E-10
2334 .1804902E-10
2335 .1805288E-10
2336 .1805673E-10
2337 .1806060E-10
2338 .1806449E-10
2339 .1806839E-10
2340 .1807232E-10
2341 .1807626E-10
2342 .1808020E-10
2343 .1808415E-10
2344 .1808813E-10
2345 .1809213E-10
2346 .1809612E-10
2347 .1810014E-10
2348 .1810419E-10
2349 .1810824E-10
2350 .1811229E-10
2351 .1811637E-10
2352 .1812046E-10
2353 .1812456E-10
2354 .1812867E-10
2355 .1813281E-10
2356 .1813695E-10
2357 .1814110E-10
2358 .1814528E-10
2359 .1814945E-10
2360 .1815365E-10
2361 .1815786E-10
2362 .1816206E-10
2363 .1816631E-10
2364 .1817054E-10
2365 .1817480E-10
2366 .1817907E-10
2367 .1818335E-10
2368 .1818768E-10
2369 .1819197E-10
2370 .1819627E-10
2371 .1820062E-10
2372 .1820497E-10
2373 .1820932E-10
2374 .1821368E-10
2375 .1821806E-10
2376 .1822246E-10
2377 .1822686E-10
2378 .1823127E-10
2379 .1823569E-10
2380 .1824013E-10
2381 .1824457E-10
2382 .1824903E-10
2383 .1825350E-10
2384 .1825798E-10
2385 .1826248E-10
2386 .1826697E-10
2387 .1827149E-10
2388 .1827601E-10
2389 .1828054E-10
2390 .1828508E-10
2391 .1828963E-10
2392 .1829424E-10
2393 .1829878E-10
2394 .1830339E-10
2395 .1830799E-10
2396 .1831258E-10
2397 .1831721E-10
2398 .1832184E-10
2399 .1832645E-10
2400 .1833110E-10
2401 .1833576E-10
2402 .1834042E-10
2403 .1834512E-10
2404 .1834979E-10
2405 .1835449E-10
2406 .1835919E-10
2407 .1836389E-10
2408 .1836864E-10
2409 .1837335E-10
2410 .1837809E-10
2411 .1838282E-10
2412 .1838759E-10
2413 .1839236E-10
2414 .1839715E-10
2415 .1840191E-10
2416 .1840670E-10
2417 .1841152E-10
2418 .1841631E-10
2419 .1842112E-10
2420 .1842596E-10
2421 .1843077E-10
2422 .1843564E-10
2423 .1844047E-10
2424 .1844533E-10
2425 .1845018E-10
2426 .1845507E-10
2427 .1845992E-10
2428 .1846482E-10
2429 .1846971E-10
2430 .1847459E-10
2431 .1847951E-10
2432 .1848444E-10
2433 .1848936E-10
2434 .1849427E-10
2435 .1849921E-10
2436 .1850416E-10
2437 .1850911E-10
2438 .1851406E-10
2439 .1851901E-10
2440 .1852398E-10
2441 .1852895E-10
2442 .1853395E-10
2443 .1853893E-10
2444 .1854391E-10
2445 .1854891E-10
2446 .1855390E-10
2447 .1855891E-10
2448 .1856395E-10
2449 .1856895E-10
2450 .1857400E-10
2451 .1857901E-10
2452 .1858406E-10
2453 .1858909E-10
2454 .1859416E-10
2455 .1859919E-10
2456 .1860427E-10
2457 .1860933E-10
2458 .1861439E-10
2459 .1861946E-10
2460 .1862457E-10
2461 .1862961E-10
2462 .1863472E-10
2463 .1863980E-10
2464 .1864491E-10
2465 .1865000E-10
2466 .1865509E-10
2467 .1866021E-10
2468 .1866533E-10
2469 .1867042E-10
2470 .1867555E-10
2471 .1868069E-10
2472 .1868582E-10
2473 .1869096E-10
2474 .1869608E-10
2475 .1870120E-10
2476 .1870636E-10
2477 .1871152E-10
2478 .1871665E-10
2479 .1872180E-10
2480 .1872697E-10
2481 .1873210E-10
2482 .1873727E-10
2483 .1874245E-10
2484 .1874763E-10
2485 .1875278E-10
2486 .1875793E-10
2487 .1876312E-10
2488 .1876830E-10
2489 .1877346E-10
2490 .1877865E-10
2491 .1878384E-10
2492 .1878902E-10
2493 .1879420E-10
2494 .1879939E-10
2495 .1880457E-10
2496 .1880974E-10
2497 .1881495E-10
2498 .1882016E-10
2499 .1882535E-10
2500 .1883056E-10
