300.0 0.9552
301.0 0.9548
302.0 0.9546
303.0 0.9545
304.0 0.9546
305.0 0.9549
306.0 0.9551
307.0 0.9554
308.0 0.9558
309.0 0.9562
310.0 0.9567
311.0 0.9571
312.0 0.9576
313.0 0.9578
314.0 0.9580
315.0 0.9579
316.0 0.9578
317.0 0.9574
318.0 0.9569
319.0 0.9564
320.0 0.9559
321.0 0.9553
322.0 0.9548
323.0 0.9545
324.0 0.9542
325.0 0.9542
326.0 0.9540
327.0 0.9539
328.0 0.9541
329.0 0.9543
330.0 0.9545
331.0 0.9548
332.0 0.9551
333.0 0.9553
334.0 0.9556
335.0 0.9560
336.0 0.9563
337.0 0.9565
338.0 0.9568
339.0 0.9571
340.0 0.9574
341.0 0.9577
342.0 0.9579
343.0 0.9582
344.0 0.9585
345.0 0.9587
346.0 0.9589
347.0 0.9592
348.0 0.9594
349.0 0.9596
350.0 0.9597
351.0 0.9598
352.0 0.9600
353.0 0.9602
354.0 0.9602
355.0 0.9603
356.0 0.9603
357.0 0.9603
358.0 0.9604
359.0 0.9603
360.0 0.9604
361.0 0.9606
362.0 0.9605
363.0 0.9605
364.0 0.9605
365.0 0.9606
366.0 0.9606
367.0 0.9607
368.0 0.9607
369.0 0.9608
370.0 0.9608
371.0 0.9609
372.0 0.9609
373.0 0.9609
374.0 0.9609
375.0 0.9610
376.0 0.9608
377.0 0.9608
378.0 0.9609
379.0 0.9608
380.0 0.9608
381.0 0.9608
382.0 0.9607
383.0 0.9608
384.0 0.9608
385.0 0.9608
386.0 0.9609
387.0 0.9609
388.0 0.9610
389.0 0.9611
390.0 0.9612
391.0 0.9611
392.0 0.9611
393.0 0.9612
394.0 0.9612
395.0 0.9612
396.0 0.9612
397.0 0.9612
398.0 0.9612
399.0 0.9612
400.0 0.9612
401.0 0.9611
402.0 0.9611
403.0 0.9611
404.0 0.9611
405.0 0.9609
406.0 0.9609
407.0 0.9608
408.0 0.9608
409.0 0.9607
410.0 0.9607
411.0 0.9606
412.0 0.9606
413.0 0.9605
414.0 0.9605
415.0 0.9605
416.0 0.9604
417.0 0.9604
418.0 0.9603
419.0 0.9603
420.0 0.9603
421.0 0.9602
422.0 0.9602
423.0 0.9601
424.0 0.9601
425.0 0.9601
426.0 0.9601
427.0 0.9600
428.0 0.9600
429.0 0.9599
430.0 0.9599
431.0 0.9599
432.0 0.9597
433.0 0.9597
434.0 0.9596
435.0 0.9594
436.0 0.9594
437.0 0.9594
438.0 0.9593
439.0 0.9592
440.0 0.9592
441.0 0.9591
442.0 0.9590
443.0 0.9590
444.0 0.9589
445.0 0.9588
446.0 0.9587
447.0 0.9587
448.0 0.9586
449.0 0.9586
450.0 0.9585
451.0 0.9585
452.0 0.9583
453.0 0.9583
454.0 0.9582
455.0 0.9582
456.0 0.9581
457.0 0.9580
458.0 0.9580
459.0 0.9578
460.0 0.9577
461.0 0.9577
462.0 0.9576
463.0 0.9576
464.0 0.9575
465.0 0.9575
466.0 0.9574
467.0 0.9574
468.0 0.9574
469.0 0.9574
470.0 0.9573
471.0 0.9572
472.0 0.9572
473.0 0.9572
474.0 0.9572
475.0 0.9572
476.0 0.9572
477.0 0.9572
478.0 0.9572
479.0 0.9572
480.0 0.9572
481.0 0.9571
482.0 0.9571
483.0 0.9570
484.0 0.9570
485.0 0.9570
486.0 0.9568
487.0 0.9568
488.0 0.9568
489.0 0.9567
490.0 0.9566
491.0 0.9566
492.0 0.9566
493.0 0.9565
494.0 0.9564
495.0 0.9564
496.0 0.9564
497.0 0.9564
498.0 0.9563
499.0 0.9563
500.0 0.9562
501.0 0.9562
502.0 0.9562
503.0 0.9561
504.0 0.9562
505.0 0.9562
506.0 0.9560
507.0 0.9560
508.0 0.9560
509.0 0.9560
510.0 0.9560
511.0 0.9559
512.0 0.9559
513.0 0.9559
514.0 0.9559
515.0 0.9559
516.0 0.9560
517.0 0.9559
518.0 0.9559
519.0 0.9559
520.0 0.9559
521.0 0.9559
522.0 0.9560
523.0 0.9560
524.0 0.9560
525.0 0.9560
526.0 0.9559
527.0 0.9560
528.0 0.9560
529.0 0.9560
530.0 0.9559
531.0 0.9559
532.0 0.9559
533.0 0.9558
534.0 0.9558
535.0 0.9558
536.0 0.9557
537.0 0.9556
538.0 0.9556
539.0 0.9555
540.0 0.9554
541.0 0.9554
542.0 0.9553
543.0 0.9553
544.0 0.9552
545.0 0.9551
546.0 0.9551
547.0 0.9550
548.0 0.9550
549.0 0.9549
550.0 0.9548
551.0 0.9548
552.0 0.9548
553.0 0.9547
554.0 0.9547
555.0 0.9547
556.0 0.9547
557.0 0.9547
558.0 0.9548
559.0 0.9548
560.0 0.9548
561.0 0.9548
562.0 0.9548
563.0 0.9548
564.0 0.9548
565.0 0.9548
566.0 0.9548
567.0 0.9548
568.0 0.9547
569.0 0.9547
570.0 0.9547
571.0 0.9547
572.0 0.9547
573.0 0.9547
574.0 0.9547
575.0 0.9546
576.0 0.9546
577.0 0.9546
578.0 0.9546
579.0 0.9547
580.0 0.9547
581.0 0.9546
582.0 0.9546
583.0 0.9546
584.0 0.9546
585.0 0.9546
586.0 0.9547
587.0 0.9547
588.0 0.9547
589.0 0.9547
590.0 0.9547
591.0 0.9546
592.0 0.9546
593.0 0.9546
594.0 0.9546
595.0 0.9547
596.0 0.9546
597.0 0.9547
598.0 0.9546
599.0 0.9546
600.0 0.9546
601.0 0.9546
602.0 0.9545
603.0 0.9545
604.0 0.9545
605.0 0.9545
606.0 0.9544
607.0 0.9543
608.0 0.9543
609.0 0.9543
610.0 0.9543
611.0 0.9543
612.0 0.9542
613.0 0.9542
614.0 0.9542
615.0 0.9542
616.0 0.9542
617.0 0.9542
618.0 0.9542
619.0 0.9543
620.0 0.9543
621.0 0.9543
622.0 0.9544
623.0 0.9545
624.0 0.9544
625.0 0.9544
626.0 0.9544
627.0 0.9544
628.0 0.9543
629.0 0.9543
630.0 0.9543
631.0 0.9543
632.0 0.9542
633.0 0.9542
634.0 0.9542
635.0 0.9541
636.0 0.9540
637.0 0.9540
638.0 0.9540
639.0 0.9539
640.0 0.9539
641.0 0.9538
642.0 0.9538
643.0 0.9536
644.0 0.9535
645.0 0.9535
646.0 0.9535
647.0 0.9534
648.0 0.9534
649.0 0.9532
650.0 0.9532
651.0 0.9532
652.0 0.9530
653.0 0.9529
654.0 0.9529
655.0 0.9528
656.0 0.9528
657.0 0.9528
658.0 0.9526
659.0 0.9526
660.0 0.9524
661.0 0.9524
662.0 0.9523
663.0 0.9522
664.0 0.9521
665.0 0.9521
666.0 0.9521
667.0 0.9519
668.0 0.9519
669.0 0.9519
670.0 0.9518
671.0 0.9518
672.0 0.9518
673.0 0.9517
674.0 0.9516
675.0 0.9516
676.0 0.9516
677.0 0.9515
678.0 0.9515
679.0 0.9514
680.0 0.9514
681.0 0.9513
682.0 0.9513
683.0 0.9512
684.0 0.9511
685.0 0.9511
686.0 0.9510
687.0 0.9509
688.0 0.9508
689.0 0.9507
690.0 0.9507
691.0 0.9506
692.0 0.9505
693.0 0.9504
694.0 0.9504
695.0 0.9502
696.0 0.9502
697.0 0.9502
698.0 0.9501
699.0 0.9501
700.0 0.9500
701.0 0.9500
702.0 0.9498
703.0 0.9498
704.0 0.9498
705.0 0.9498
706.0 0.9498
707.0 0.9498
708.0 0.9496
709.0 0.9496
710.0 0.9496
711.0 0.9495
712.0 0.9495
713.0 0.9493
714.0 0.9492
715.0 0.9492
716.0 0.9491
717.0 0.9489
718.0 0.9489
719.0 0.9488
720.0 0.9486
721.0 0.9485
722.0 0.9485
723.0 0.9484
724.0 0.9483
725.0 0.9483
726.0 0.9483
727.0 0.9482
728.0 0.9482
729.0 0.9482
730.0 0.9483
731.0 0.9483
732.0 0.9483
733.0 0.9484
734.0 0.9485
735.0 0.9485
736.0 0.9486
737.0 0.9486
738.0 0.9488
739.0 0.9488
740.0 0.9489
741.0 0.9490
742.0 0.9491
743.0 0.9491
744.0 0.9492
745.0 0.9492
746.0 0.9493
747.0 0.9493
748.0 0.9493
749.0 0.9494
750.0 0.9495
751.0 0.9495
752.0 0.9496
753.0 0.9496
754.0 0.9498
755.0 0.9498
756.0 0.9499
757.0 0.9500
758.0 0.9501
759.0 0.9502
760.0 0.9502
761.0 0.9503
762.0 0.9504
763.0 0.9505
764.0 0.9506
765.0 0.9506
766.0 0.9508
767.0 0.9509
768.0 0.9509
769.0 0.9510
770.0 0.9511
771.0 0.9511
772.0 0.9512
773.0 0.9512
774.0 0.9513
775.0 0.9514
776.0 0.9514
777.0 0.9515
778.0 0.9515
779.0 0.9516
780.0 0.9516
781.0 0.9517
782.0 0.9517
783.0 0.9516
784.0 0.9516
785.0 0.9516
786.0 0.9516
787.0 0.9517
788.0 0.9516
789.0 0.9516
790.0 0.9516
791.0 0.9516
792.0 0.9515
793.0 0.9515
794.0 0.9515
795.0 0.9515
796.0 0.9514
797.0 0.9514
798.0 0.9514
799.0 0.9514
800.0 0.9513
801.0 0.9512
802.0 0.9512
803.0 0.9512
804.0 0.9511
805.0 0.9511
806.0 0.9511
807.0 0.9511
808.0 0.9511
809.0 0.9510
810.0 0.9509
811.0 0.9509
812.0 0.9509
813.0 0.9509
814.0 0.9509
815.0 0.9509
816.0 0.9508
817.0 0.9507
818.0 0.9507
819.0 0.9507
820.0 0.9507
821.0 0.9507
822.0 0.9507
823.0 0.9506
824.0 0.9506
825.0 0.9506
826.0 0.9506
827.0 0.9506
828.0 0.9506
829.0 0.9506
830.0 0.9505
831.0 0.9505
832.0 0.9504
833.0 0.9504
834.0 0.9503
835.0 0.9503
836.0 0.9502
837.0 0.9502
838.0 0.9501
839.0 0.9501
840.0 0.9500
841.0 0.9500
842.0 0.9499
843.0 0.9499
844.0 0.9499
845.0 0.9498
846.0 0.9498
847.0 0.9498
848.0 0.9497
849.0 0.9497
850.0 0.9497
851.0 0.9497
852.0 0.9497
853.0 0.9497
854.0 0.9498
855.0 0.9498
856.0 0.9498
857.0 0.9498
858.0 0.9498
859.0 0.9499
860.0 0.9499
861.0 0.9500
862.0 0.9500
863.0 0.9498
864.0 0.9498
865.0 0.9498
866.0 0.9497
867.0 0.9496
868.0 0.9495
869.0 0.9494
870.0 0.9493
871.0 0.9492
872.0 0.9490
873.0 0.9489
874.0 0.9488
875.0 0.9487
876.0 0.9487
877.0 0.9486
878.0 0.9487
879.0 0.9488
880.0 0.9489
881.0 0.9489
882.0 0.9489
883.0 0.9489
884.0 0.9490
885.0 0.9490
886.0 0.9491
887.0 0.9492
888.0 0.9494
889.0 0.9495
890.0 0.9497
891.0 0.9497
892.0 0.9499
893.0 0.9500
894.0 0.9500
895.0 0.9499
896.0 0.9499
897.0 0.9499
898.0 0.9499
899.0 0.9498
900.0 0.9498
901.0 0.9495
902.0 0.9495
903.0 0.9494
904.0 0.9494
905.0 0.9494
906.0 0.9493
907.0 0.9492
908.0 0.9491
909.0 0.9490
910.0 0.9489
911.0 0.9487
912.0 0.9486
913.0 0.9485
914.0 0.9484
915.0 0.9482
916.0 0.9481
917.0 0.9481
918.0 0.9480
919.0 0.9478
920.0 0.9477
921.0 0.9475
922.0 0.9473
923.0 0.9469
924.0 0.9464
925.0 0.9459
926.0 0.9453
927.0 0.9446
928.0 0.9439
929.0 0.9429
930.0 0.9421
931.0 0.9411
932.0 0.9402
933.0 0.9393
934.0 0.9384
935.0 0.9375
936.0 0.9367
937.0 0.9360
938.0 0.9354
939.0 0.9349
940.0 0.9345
941.0 0.9343
942.0 0.9343
943.0 0.9343
944.0 0.9344
945.0 0.9348
946.0 0.9351
947.0 0.9357
948.0 0.9363
949.0 0.9369
950.0 0.9377
951.0 0.9383
952.0 0.9391
953.0 0.9399
954.0 0.9406
955.0 0.9414
956.0 0.9420
957.0 0.9425
958.0 0.9432
959.0 0.9437
960.0 0.9442
961.0 0.9447
962.0 0.9450
963.0 0.9455
964.0 0.9459
965.0 0.9461
966.0 0.9464
967.0 0.9467
968.0 0.9470
969.0 0.9472
970.0 0.9474
971.0 0.9477
972.0 0.9479
973.0 0.9481
974.0 0.9483
975.0 0.9484
976.0 0.9487
977.0 0.9489
978.0 0.9490
979.0 0.9490
980.0 0.9492
981.0 0.9492
982.0 0.9493
983.0 0.9494
984.0 0.9494
985.0 0.9494
986.0 0.9495
987.0 0.9495
988.0 0.9496
989.0 0.9497
990.0 0.9496
991.0 0.9496
992.0 0.9496
993.0 0.9497
994.0 0.9497
995.0 0.9497
996.0 0.9497
997.0 0.9497
998.0 0.9497
999.0 0.9496
1000.0 0.9496
1001.0 0.9498
1002.0 0.9497
1003.0 0.9497
1004.0 0.9497
1005.0 0.9496
1006.0 0.9496
1007.0 0.9496
1008.0 0.9497
1009.0 0.9496
1010.0 0.9496
1011.0 0.9496
1012.0 0.9495
1013.0 0.9495
1014.0 0.9494
1015.0 0.9494
1016.0 0.9493
1017.0 0.9493
1018.0 0.9492
1019.0 0.9491
1020.0 0.9490
1021.0 0.9490
1022.0 0.9489
1023.0 0.9489
1024.0 0.9488
1025.0 0.9487
1026.0 0.9487
1027.0 0.9486
1028.0 0.9486
1029.0 0.9485
1030.0 0.9484
1031.0 0.9484
1032.0 0.9483
1033.0 0.9482
1034.0 0.9482
1035.0 0.9482
1036.0 0.9481
1037.0 0.9481
1038.0 0.9481
1039.0 0.9479
1040.0 0.9479
1041.0 0.9479
1042.0 0.9478
1043.0 0.9478
1044.0 0.9477
1045.0 0.9477
1046.0 0.9476
1047.0 0.9475
1048.0 0.9474
1049.0 0.9473
1050.0 0.9472
1051.0 0.9472
1052.0 0.9471
1053.0 0.9471
1054.0 0.9471
1055.0 0.9470
1056.0 0.9470
1057.0 0.9469
1058.0 0.9469
1059.0 0.9470
1060.0 0.9469
1061.0 0.9470
1062.0 0.9470
1063.0 0.9471
1064.0 0.9471
1065.0 0.9472
1066.0 0.9472
1067.0 0.9473
1068.0 0.9473
1069.0 0.9474
1070.0 0.9474
1071.0 0.9475
1072.0 0.9476
1073.0 0.9477
1074.0 0.9477
1075.0 0.9477
1076.0 0.9478
1077.0 0.9478
1078.0 0.9479
1079.0 0.9480
1080.0 0.9480
1081.0 0.9481
1082.0 0.9481
1083.0 0.9482
1084.0 0.9482
1085.0 0.9484
1086.0 0.9484
1087.0 0.9485
1088.0 0.9485
1089.0 0.9486
1090.0 0.9487
1091.0 0.9488
1092.0 0.9490
1093.0 0.9490
1094.0 0.9491
1095.0 0.9492
1096.0 0.9494
1097.0 0.9495
1098.0 0.9496
1099.0 0.9497
1100.0 0.9498
