300.0 0.9783
301.0 0.9783
302.0 0.9783
303.0 0.9777
304.0 0.9772
305.0 0.9764
306.0 0.9755
307.0 0.9747
308.0 0.9738
309.0 0.973
310.0 0.9723
311.0 0.9717
312.0 0.9711
313.0 0.9707
314.0 0.9703
315.0 0.9702
316.0 0.97
317.0 0.9701
318.0 0.9701
319.0 0.9703
320.0 0.9705
321.0 0.9709
322.0 0.9712
323.0 0.9717
324.0 0.9721
325.0 0.9726
326.0 0.973
327.0 0.9735
328.0 0.974
329.0 0.9744
330.0 0.9748
331.0 0.9752
332.0 0.9755
333.0 0.9758
334.0 0.976
335.0 0.9762
336.0 0.9763
337.0 0.9764
338.0 0.9764
339.0 0.9763
340.0 0.9762
341.0 0.976
342.0 0.9758
343.0 0.9755
344.0 0.9752
345.0 0.9748
346.0 0.9744
347.0 0.9739
348.0 0.9734
349.0 0.9729
350.0 0.9723
351.0 0.9717
352.0 0.9711
353.0 0.9705
354.0 0.9699
355.0 0.9693
356.0 0.9687
357.0 0.968
358.0 0.9674
359.0 0.9668
360.0 0.9662
361.0 0.9657
362.0 0.9651
363.0 0.9646
364.0 0.964
365.0 0.9636
366.0 0.9632
367.0 0.963
368.0 0.9627
369.0 0.9626
370.0 0.9624
371.0 0.9623
372.0 0.9622
373.0 0.9622
374.0 0.9622
375.0 0.9623
376.0 0.9623
377.0 0.9625
378.0 0.9626
379.0 0.9628
380.0 0.963
381.0 0.9632
382.0 0.9635
383.0 0.9637
384.0 0.964
385.0 0.9644
386.0 0.9647
387.0 0.965
388.0 0.9654
389.0 0.9657
390.0 0.9661
391.0 0.9665
392.0 0.9669
393.0 0.9673
394.0 0.9677
395.0 0.9681
396.0 0.9685
397.0 0.9689
398.0 0.9693
399.0 0.9697
400.0 0.97
401.0 0.9704
402.0 0.9708
403.0 0.9712
404.0 0.9715
405.0 0.9719
406.0 0.9722
407.0 0.9725
408.0 0.9729
409.0 0.9732
410.0 0.9735
411.0 0.9738
412.0 0.9741
413.0 0.9743
414.0 0.9746
415.0 0.9748
416.0 0.975
417.0 0.9753
418.0 0.9755
419.0 0.9756
420.0 0.9758
421.0 0.976
422.0 0.9762
423.0 0.9763
424.0 0.9765
425.0 0.9766
426.0 0.9767
427.0 0.9768
428.0 0.9769
429.0 0.977
430.0 0.9771
431.0 0.9771
432.0 0.9772
433.0 0.9772
434.0 0.9773
435.0 0.9773
436.0 0.9773
437.0 0.9774
438.0 0.9774
439.0 0.9774
440.0 0.9774
441.0 0.9774
442.0 0.9774
443.0 0.9774
444.0 0.9774
445.0 0.9773
446.0 0.9773
447.0 0.9773
448.0 0.9773
449.0 0.9772
450.0 0.9772
451.0 0.9772
452.0 0.9771
453.0 0.9771
454.0 0.977
455.0 0.977
456.0 0.9769
457.0 0.9769
458.0 0.9768
459.0 0.9768
460.0 0.9767
461.0 0.9766
462.0 0.9766
463.0 0.9765
464.0 0.9765
465.0 0.9764
466.0 0.9763
467.0 0.9763
468.0 0.9762
469.0 0.9761
470.0 0.9761
471.0 0.976
472.0 0.9759
473.0 0.9759
474.0 0.9758
475.0 0.9757
476.0 0.9757
477.0 0.9756
478.0 0.9755
479.0 0.9755
480.0 0.9754
481.0 0.9753
482.0 0.9753
483.0 0.9752
484.0 0.9751
485.0 0.9751
486.0 0.975
487.0 0.9749
488.0 0.9749
489.0 0.9748
490.0 0.9748
491.0 0.9747
492.0 0.9746
493.0 0.9746
494.0 0.9745
495.0 0.9745
496.0 0.9744
497.0 0.9744
498.0 0.9743
499.0 0.9743
500.0 0.9742
501.0 0.9742
502.0 0.9741
503.0 0.9741
504.0 0.974
505.0 0.974
506.0 0.9739
507.0 0.9739
508.0 0.9739
509.0 0.9738
510.0 0.9738
511.0 0.9738
512.0 0.9737
513.0 0.9737
514.0 0.9737
515.0 0.9736
516.0 0.9736
517.0 0.9736
518.0 0.9736
519.0 0.9735
520.0 0.9735
521.0 0.9735
522.0 0.9735
523.0 0.9735
524.0 0.9735
525.0 0.9734
526.0 0.9734
527.0 0.9734
528.0 0.9734
529.0 0.9734
530.0 0.9734
531.0 0.9734
532.0 0.9734
533.0 0.9734
534.0 0.9734
535.0 0.9734
536.0 0.9734
537.0 0.9734
538.0 0.9734
539.0 0.9735
540.0 0.9735
541.0 0.9735
542.0 0.9735
543.0 0.9735
544.0 0.9736
545.0 0.9736
546.0 0.9736
547.0 0.9736
548.0 0.9737
549.0 0.9737
550.0 0.9737
551.0 0.9738
552.0 0.9738
553.0 0.9738
554.0 0.9739
555.0 0.9739
556.0 0.974
557.0 0.974
558.0 0.9741
559.0 0.9741
560.0 0.9742
561.0 0.9742
562.0 0.9743
563.0 0.9743
564.0 0.9744
565.0 0.9744
566.0 0.9745
567.0 0.9746
568.0 0.9746
569.0 0.9747
570.0 0.9748
571.0 0.9748
572.0 0.9749
573.0 0.975
574.0 0.975
575.0 0.9751
576.0 0.9752
577.0 0.9752
578.0 0.9753
579.0 0.9754
580.0 0.9755
581.0 0.9755
582.0 0.9756
583.0 0.9757
584.0 0.9758
585.0 0.9758
586.0 0.9759
587.0 0.976
588.0 0.9761
589.0 0.9761
590.0 0.9762
591.0 0.9763
592.0 0.9764
593.0 0.9764
594.0 0.9765
595.0 0.9766
596.0 0.9767
597.0 0.9768
598.0 0.9768
599.0 0.9769
600.0 0.977
601.0 0.9771
602.0 0.9771
603.0 0.9772
604.0 0.9773
605.0 0.9773
606.0 0.9774
607.0 0.9775
608.0 0.9776
609.0 0.9776
610.0 0.9777
611.0 0.9778
612.0 0.9778
613.0 0.9779
614.0 0.978
615.0 0.978
616.0 0.9781
617.0 0.9782
618.0 0.9782
619.0 0.9783
620.0 0.9783
621.0 0.9784
622.0 0.9785
623.0 0.9785
624.0 0.9786
625.0 0.9786
626.0 0.9787
627.0 0.9787
628.0 0.9788
629.0 0.9788
630.0 0.9789
631.0 0.9789
632.0 0.979
633.0 0.979
634.0 0.979
635.0 0.9791
636.0 0.9791
637.0 0.9791
638.0 0.9792
639.0 0.9792
640.0 0.9792
641.0 0.9793
642.0 0.9793
643.0 0.9793
644.0 0.9793
645.0 0.9794
646.0 0.9794
647.0 0.9794
648.0 0.9794
649.0 0.9794
650.0 0.9795
651.0 0.9795
652.0 0.9795
653.0 0.9795
654.0 0.9795
655.0 0.9795
656.0 0.9795
657.0 0.9795
658.0 0.9795
659.0 0.9795
660.0 0.9795
661.0 0.9795
662.0 0.9795
663.0 0.9795
664.0 0.9794
665.0 0.9794
666.0 0.9794
667.0 0.9794
668.0 0.9794
669.0 0.9794
670.0 0.9793
671.0 0.9793
672.0 0.9793
673.0 0.9793
674.0 0.9792
675.0 0.9792
676.0 0.9792
677.0 0.9791
678.0 0.9791
679.0 0.9791
680.0 0.979
681.0 0.979
682.0 0.979
683.0 0.9789
684.0 0.9789
685.0 0.9788
686.0 0.9788
687.0 0.9787
688.0 0.9787
689.0 0.9786
690.0 0.9786
691.0 0.9785
692.0 0.9785
693.0 0.9784
694.0 0.9784
695.0 0.9783
696.0 0.9782
697.0 0.9782
698.0 0.9781
699.0 0.9781
700.0 0.978
701.0 0.9779
702.0 0.9779
703.0 0.9778
704.0 0.9777
705.0 0.9777
706.0 0.9776
707.0 0.9775
708.0 0.9775
709.0 0.9774
710.0 0.9773
711.0 0.9772
712.0 0.9772
713.0 0.9771
714.0 0.977
715.0 0.977
716.0 0.9769
717.0 0.9768
718.0 0.9767
719.0 0.9767
720.0 0.9766
721.0 0.9765
722.0 0.9764
723.0 0.9764
724.0 0.9763
725.0 0.9762
726.0 0.9761
727.0 0.9761
728.0 0.976
729.0 0.9759
730.0 0.9758
731.0 0.9758
732.0 0.9757
733.0 0.9756
734.0 0.9755
735.0 0.9755
736.0 0.9754
737.0 0.9753
738.0 0.9752
739.0 0.9752
740.0 0.9751
741.0 0.975
742.0 0.9749
743.0 0.9749
744.0 0.9748
745.0 0.9747
746.0 0.9747
747.0 0.9746
748.0 0.9745
749.0 0.9744
750.0 0.9744
751.0 0.9743
752.0 0.9742
753.0 0.9742
754.0 0.9741
755.0 0.974
756.0 0.974
757.0 0.9739
758.0 0.9738
759.0 0.9738
760.0 0.9737
761.0 0.9737
762.0 0.9736
763.0 0.9735
764.0 0.9735
765.0 0.9734
766.0 0.9734
767.0 0.9733
768.0 0.9732
769.0 0.9732
770.0 0.9731
771.0 0.9731
772.0 0.973
773.0 0.973
774.0 0.9729
775.0 0.9729
776.0 0.9728
777.0 0.9728
778.0 0.9727
779.0 0.9727
780.0 0.9726
781.0 0.9726
782.0 0.9725
783.0 0.9725
784.0 0.9725
785.0 0.9724
786.0 0.9724
787.0 0.9723
788.0 0.9723
789.0 0.9723
790.0 0.9722
791.0 0.9722
792.0 0.9722
793.0 0.9721
794.0 0.9721
795.0 0.9721
796.0 0.9721
797.0 0.972
798.0 0.972
799.0 0.972
800.0 0.972
801.0 0.9719
802.0 0.9719
803.0 0.9719
804.0 0.9719
805.0 0.9719
806.0 0.9718
807.0 0.9718
808.0 0.9718
809.0 0.9718
810.0 0.9718
811.0 0.9718
812.0 0.9718
813.0 0.9718
814.0 0.9718
815.0 0.9718
816.0 0.9717
817.0 0.9717
818.0 0.9717
819.0 0.9717
820.0 0.9717
821.0 0.9717
822.0 0.9717
823.0 0.9717
824.0 0.9718
825.0 0.9718
826.0 0.9718
827.0 0.9718
828.0 0.9718
829.0 0.9718
830.0 0.9718
831.0 0.9718
832.0 0.9718
833.0 0.9718
834.0 0.9719
835.0 0.9719
836.0 0.9719
837.0 0.9719
838.0 0.9719
839.0 0.9719
840.0 0.972
841.0 0.972
842.0 0.972
843.0 0.972
844.0 0.9721
845.0 0.9721
846.0 0.9721
847.0 0.9721
848.0 0.9722
849.0 0.9722
850.0 0.9722
851.0 0.9723
852.0 0.9723
853.0 0.9723
854.0 0.9724
855.0 0.9724
856.0 0.9724
857.0 0.9725
858.0 0.9725
859.0 0.9725
860.0 0.9726
861.0 0.9726
862.0 0.9727
863.0 0.9727
864.0 0.9727
865.0 0.9728
866.0 0.9728
867.0 0.9729
868.0 0.9729
869.0 0.973
870.0 0.973
871.0 0.973
872.0 0.9731
873.0 0.9731
874.0 0.9732
875.0 0.9732
876.0 0.9733
877.0 0.9733
878.0 0.9734
879.0 0.9734
880.0 0.9735
881.0 0.9735
882.0 0.9736
883.0 0.9736
884.0 0.9737
885.0 0.9737
886.0 0.9738
887.0 0.9738
888.0 0.9739
889.0 0.974
890.0 0.974
891.0 0.9741
892.0 0.9741
893.0 0.9742
894.0 0.9742
895.0 0.9743
896.0 0.9743
897.0 0.9744
898.0 0.9745
899.0 0.9745
900.0 0.9746
901.0 0.9746
902.0 0.9747
903.0 0.9747
904.0 0.9748
905.0 0.9748
906.0 0.9749
907.0 0.975
908.0 0.975
909.0 0.9751
910.0 0.9751
911.0 0.9752
912.0 0.9753
913.0 0.9753
914.0 0.9754
915.0 0.9754
916.0 0.9755
917.0 0.9755
918.0 0.9756
919.0 0.9757
920.0 0.9757
921.0 0.9758
922.0 0.9758
923.0 0.9759
924.0 0.9759
925.0 0.976
926.0 0.976
927.0 0.9761
928.0 0.9762
929.0 0.9762
930.0 0.9763
931.0 0.9763
932.0 0.9764
933.0 0.9764
934.0 0.9765
935.0 0.9765
936.0 0.9766
937.0 0.9766
938.0 0.9767
939.0 0.9767
940.0 0.9768
941.0 0.9768
942.0 0.9769
943.0 0.9769
944.0 0.977
945.0 0.977
946.0 0.9771
947.0 0.9771
948.0 0.9772
949.0 0.9772
950.0 0.9773
951.0 0.9773
952.0 0.9774
953.0 0.9774
954.0 0.9775
955.0 0.9775
956.0 0.9776
957.0 0.9776
958.0 0.9776
959.0 0.9777
960.0 0.9777
961.0 0.9778
962.0 0.9778
963.0 0.9778
964.0 0.9779
965.0 0.9779
966.0 0.9779
967.0 0.978
968.0 0.978
969.0 0.978
970.0 0.9781
971.0 0.9781
972.0 0.9781
973.0 0.9782
974.0 0.9782
975.0 0.9782
976.0 0.9783
977.0 0.9783
978.0 0.9783
979.0 0.9784
980.0 0.9784
981.0 0.9784
982.0 0.9784
983.0 0.9784
984.0 0.9785
985.0 0.9785
986.0 0.9785
987.0 0.9785
988.0 0.9785
989.0 0.9786
990.0 0.9786
991.0 0.9786
992.0 0.9786
993.0 0.9786
994.0 0.9786
995.0 0.9787
996.0 0.9787
997.0 0.9787
998.0 0.9787
999.0 0.9787
1000.0 0.9787
1001.0 0.9787
1002.0 0.9787
1003.0 0.9787
1004.0 0.9787
1005.0 0.9787
1006.0 0.9787
1007.0 0.9787
1008.0 0.9787
1009.0 0.9787
1010.0 0.9787
1011.0 0.9787
1012.0 0.9787
1013.0 0.9787
1014.0 0.9787
1015.0 0.9787
1016.0 0.9787
1017.0 0.9787
1018.0 0.9786
1019.0 0.9786
1020.0 0.9786
1021.0 0.9786
1022.0 0.9786
1023.0 0.9786
1024.0 0.9785
1025.0 0.9785
1026.0 0.9785
1027.0 0.9785
1028.0 0.9785
1029.0 0.9784
1030.0 0.9784
1031.0 0.9784
1032.0 0.9783
1033.0 0.9783
1034.0 0.9783
1035.0 0.9783
1036.0 0.9782
1037.0 0.9782
1038.0 0.9781
1039.0 0.9781
1040.0 0.9781
1041.0 0.978
1042.0 0.978
1043.0 0.978
1044.0 0.9779
1045.0 0.9779
1046.0 0.9778
1047.0 0.9778
1048.0 0.9777
1049.0 0.9777
1050.0 0.9776
1051.0 0.9776
1052.0 0.9775
1053.0 0.9775
1054.0 0.9774
1055.0 0.9774
1056.0 0.9773
1057.0 0.9772
1058.0 0.9772
1059.0 0.9771
1060.0 0.9771
1061.0 0.977
1062.0 0.9769
1063.0 0.9769
1064.0 0.9768
1065.0 0.9767
1066.0 0.9766
1067.0 0.9766
1068.0 0.9765
1069.0 0.9764
1070.0 0.9764
1071.0 0.9763
1072.0 0.9762
1073.0 0.9761
1074.0 0.976
1075.0 0.976
1076.0 0.9759
1077.0 0.9758
1078.0 0.9757
1079.0 0.9756
1080.0 0.9755
1081.0 0.9754
1082.0 0.9754
1083.0 0.9753
1084.0 0.9752
1085.0 0.9751
1086.0 0.975
1087.0 0.9749
1088.0 0.9748
1089.0 0.9747
1090.0 0.9746
1091.0 0.9745
1092.0 0.9744
1093.0 0.9743
1094.0 0.9742
1095.0 0.9741
1096.0 0.974
1097.0 0.9738
1098.0 0.9737
1099.0 0.9736
1100.0 0.9735
