# Data from LCA-18, V24
# File name: LCA-18_Throughput_Budget_2016-07-29.xlsx
# tab: Performance summary, col: AH

300.0 0.2348
301.0 0.2462
302.0 0.2575
303.0 0.2689
304.0 0.2802
305.0 0.2916
306.0 0.3030
307.0 0.3143
308.0 0.3257
309.0 0.3370
310.0 0.3484
311.0 0.3493
312.0 0.3502
313.0 0.3510
314.0 0.3519
315.0 0.3528
316.0 0.3537
317.0 0.3546
318.0 0.3554
319.0 0.3563
320.0 0.3572
321.0 0.3642
322.0 0.3712
323.0 0.3782
324.0 0.3852
325.0 0.3921
326.0 0.3991
327.0 0.4061
328.0 0.4131
329.0 0.4201
330.0 0.4271
331.0 0.4246
332.0 0.4221
333.0 0.4195
334.0 0.4170
335.0 0.4145
336.0 0.4120
337.0 0.4095
338.0 0.4069
339.0 0.4044
340.0 0.4019
341.0 0.4004
342.0 0.3990
343.0 0.3975
344.0 0.3960
345.0 0.3945
346.0 0.3931
347.0 0.3916
348.0 0.3901
349.0 0.3887
350.0 0.3872
351.0 0.3863
352.0 0.3853
353.0 0.3844
354.0 0.3834
355.0 0.3825
356.0 0.3816
357.0 0.3806
358.0 0.3797
359.0 0.3787
360.0 0.3778
361.0 0.3800
362.0 0.3822
363.0 0.3844
364.0 0.3866
365.0 0.3889
366.0 0.3911
367.0 0.3933
368.0 0.3955
369.0 0.3977
370.0 0.3999
371.0 0.4052
372.0 0.4104
373.0 0.4157
374.0 0.4209
375.0 0.4262
376.0 0.4315
377.0 0.4367
378.0 0.4420
379.0 0.4472
380.0 0.4525
381.0 0.4618
382.0 0.4711
383.0 0.4804
384.0 0.4897
385.0 0.4990
386.0 0.5083
387.0 0.5176
388.0 0.5269
389.0 0.5362
390.0 0.5455
391.0 0.5534
392.0 0.5612
393.0 0.5691
394.0 0.5769
395.0 0.5848
396.0 0.5927
397.0 0.6005
398.0 0.6084
399.0 0.6162
400.0 0.6241
401.0 0.6289
402.0 0.6336
403.0 0.6384
404.0 0.6432
405.0 0.6480
406.0 0.6527
407.0 0.6575
408.0 0.6623
409.0 0.6670
410.0 0.6718
411.0 0.6770
412.0 0.6822
413.0 0.6874
414.0 0.6926
415.0 0.6978
416.0 0.7030
417.0 0.7082
418.0 0.7134
419.0 0.7186
420.0 0.7238
421.0 0.7285
422.0 0.7332
423.0 0.7378
424.0 0.7425
425.0 0.7472
426.0 0.7519
427.0 0.7566
428.0 0.7612
429.0 0.7659
430.0 0.7706
431.0 0.7756
432.0 0.7806
433.0 0.7856
434.0 0.7906
435.0 0.7955
436.0 0.8005
437.0 0.8055
438.0 0.8105
439.0 0.8155
440.0 0.8205
441.0 0.8184
442.0 0.8163
443.0 0.8142
444.0 0.8121
445.0 0.8100
446.0 0.8080
447.0 0.8059
448.0 0.8038
449.0 0.8017
450.0 0.7996
451.0 0.8008
452.0 0.8021
453.0 0.8034
454.0 0.8046
455.0 0.8058
456.0 0.8071
457.0 0.8084
458.0 0.8096
459.0 0.8109
460.0 0.8121
461.0 0.8122
462.0 0.8123
463.0 0.8124
464.0 0.8125
465.0 0.8126
466.0 0.8127
467.0 0.8128
468.0 0.8129
469.0 0.8130
470.0 0.8131
471.0 0.8147
472.0 0.8163
473.0 0.8179
474.0 0.8195
475.0 0.8211
476.0 0.8227
477.0 0.8243
478.0 0.8259
479.0 0.8275
480.0 0.8291
481.0 0.8288
482.0 0.8285
483.0 0.8281
484.0 0.8278
485.0 0.8275
486.0 0.8272
487.0 0.8269
488.0 0.8265
489.0 0.8262
490.0 0.8259
491.0 0.8275
492.0 0.8291
493.0 0.8307
494.0 0.8323
495.0 0.8339
496.0 0.8355
497.0 0.8371
498.0 0.8387
499.0 0.8403
500.0 0.8419
501.0 0.8432
502.0 0.8445
503.0 0.8457
504.0 0.8470
505.0 0.8483
506.0 0.8496
507.0 0.8509
508.0 0.8521
509.0 0.8534
510.0 0.8547
511.0 0.8537
512.0 0.8526
513.0 0.8516
514.0 0.8505
515.0 0.8495
516.0 0.8485
517.0 0.8474
518.0 0.8464
519.0 0.8453
520.0 0.8443
521.0 0.8450
522.0 0.8457
523.0 0.8465
524.0 0.8472
525.0 0.8479
526.0 0.8486
527.0 0.8493
528.0 0.8501
529.0 0.8508
530.0 0.8515
531.0 0.8532
532.0 0.8548
533.0 0.8565
534.0 0.8581
535.0 0.8598
536.0 0.8614
537.0 0.8630
538.0 0.8647
539.0 0.8663
540.0 0.8680
541.0 0.8697
542.0 0.8714
543.0 0.8731
544.0 0.8748
545.0 0.8764
546.0 0.8781
547.0 0.8798
548.0 0.8815
549.0 0.8832
550.0 0.8849
551.0 0.8694
552.0 0.8696
553.0 0.8698
554.0 0.8699
555.0 0.8701
556.0 0.8703
557.0 0.8705
558.0 0.8707
559.0 0.8709
560.0 0.8710
561.0 0.8712
562.0 0.8714
563.0 0.8716
564.0 0.8718
565.0 0.8720
566.0 0.8722
567.0 0.8723
568.0 0.8725
569.0 0.8727
570.0 0.8729
571.0 0.8719
572.0 0.8710
573.0 0.8700
574.0 0.8691
575.0 0.8681
576.0 0.8671
577.0 0.8662
578.0 0.8652
579.0 0.8643
580.0 0.8633
581.0 0.8623
582.0 0.8614
583.0 0.8604
584.0 0.8595
585.0 0.8585
586.0 0.8575
587.0 0.8566
588.0 0.8556
589.0 0.8547
590.0 0.8537
591.0 0.8541
592.0 0.8546
593.0 0.8550
594.0 0.8555
595.0 0.8559
596.0 0.8564
597.0 0.8568
598.0 0.8573
599.0 0.8577
600.0 0.8581
601.0 0.8586
602.0 0.8590
603.0 0.8595
604.0 0.8599
605.0 0.8604
606.0 0.8608
607.0 0.8613
608.0 0.8617
609.0 0.8622
610.0 0.8626
611.0 0.8637
612.0 0.8648
613.0 0.8658
614.0 0.8669
615.0 0.8680
616.0 0.8691
617.0 0.8702
618.0 0.8712
619.0 0.8723
620.0 0.8734
621.0 0.8736
622.0 0.8738
623.0 0.8741
624.0 0.8743
625.0 0.8745
626.0 0.8747
627.0 0.8749
628.0 0.8752
629.0 0.8754
630.0 0.8756
631.0 0.8773
632.0 0.8791
633.0 0.8808
634.0 0.8825
635.0 0.8842
636.0 0.8860
637.0 0.8877
638.0 0.8894
639.0 0.8912
640.0 0.8929
641.0 0.8929
642.0 0.8928
643.0 0.8928
644.0 0.8928
645.0 0.8927
646.0 0.8927
647.0 0.8927
648.0 0.8927
649.0 0.8926
650.0 0.8926
651.0 0.8919
652.0 0.8912
653.0 0.8904
654.0 0.8897
655.0 0.8890
656.0 0.8883
657.0 0.8876
658.0 0.8868
659.0 0.8861
660.0 0.8854
661.0 0.8837
662.0 0.8819
663.0 0.8802
664.0 0.8785
665.0 0.8767
666.0 0.8750
667.0 0.8733
668.0 0.8716
669.0 0.8698
670.0 0.8681
671.0 0.8676
672.0 0.8670
673.0 0.8664
674.0 0.8659
675.0 0.8654
676.0 0.8648
677.0 0.8642
678.0 0.8637
679.0 0.8632
680.0 0.8626
681.0 0.8614
682.0 0.8601
683.0 0.8589
684.0 0.8576
685.0 0.8563
686.0 0.8551
687.0 0.8538
688.0 0.8526
689.0 0.8513
690.0 0.8501
691.0 0.8489
692.0 0.8476
693.0 0.8464
694.0 0.8451
695.0 0.8439
696.0 0.8427
697.0 0.8414
698.0 0.8402
699.0 0.8389
700.0 0.8377
701.0 0.8395
702.0 0.8414
703.0 0.8432
704.0 0.8450
705.0 0.8468
706.0 0.8487
707.0 0.8505
708.0 0.8523
709.0 0.8542
710.0 0.8560
711.0 0.8556
712.0 0.8553
713.0 0.8549
714.0 0.8546
715.0 0.8542
716.0 0.8538
717.0 0.8535
718.0 0.8531
719.0 0.8528
720.0 0.8524
721.0 0.8538
722.0 0.8551
723.0 0.8565
724.0 0.8578
725.0 0.8592
726.0 0.8605
727.0 0.8619
728.0 0.8632
729.0 0.8646
730.0 0.8659
731.0 0.8661
732.0 0.8664
733.0 0.8666
734.0 0.8668
735.0 0.8670
736.0 0.8673
737.0 0.8675
738.0 0.8677
739.0 0.8680
740.0 0.8682
741.0 0.8698
742.0 0.8714
743.0 0.8730
744.0 0.8746
745.0 0.8762
746.0 0.8778
747.0 0.8794
748.0 0.8810
749.0 0.8826
750.0 0.8842
751.0 0.8854
752.0 0.8866
753.0 0.8878
754.0 0.8890
755.0 0.8902
756.0 0.8914
757.0 0.8926
758.0 0.8938
759.0 0.8950
760.0 0.8962
761.0 0.8968
762.0 0.8974
763.0 0.8980
764.0 0.8986
765.0 0.8992
766.0 0.8998
767.0 0.9004
768.0 0.9010
769.0 0.9016
770.0 0.9022
771.0 0.9058
772.0 0.9094
773.0 0.9131
774.0 0.9167
775.0 0.9203
776.0 0.9239
777.0 0.9275
778.0 0.9312
779.0 0.9348
780.0 0.9384
781.0 0.9364
782.0 0.9345
783.0 0.9325
784.0 0.9305
785.0 0.9285
786.0 0.9266
787.0 0.9246
788.0 0.9226
789.0 0.9207
790.0 0.9187
791.0 0.9209
792.0 0.9230
793.0 0.9252
794.0 0.9274
795.0 0.9295
796.0 0.9317
797.0 0.9339
798.0 0.9361
799.0 0.9382
800.0 0.9404
801.0 0.9361
802.0 0.9318
803.0 0.9274
804.0 0.9231
805.0 0.9188
806.0 0.9145
807.0 0.9102
808.0 0.9058
809.0 0.9015
810.0 0.8972
811.0 0.9004
812.0 0.9037
813.0 0.9069
814.0 0.9102
815.0 0.9134
816.0 0.9166
817.0 0.9199
818.0 0.9231
819.0 0.9264
820.0 0.9296
821.0 0.9313
822.0 0.9331
823.0 0.9348
824.0 0.9365
825.0 0.9383
826.0 0.9400
827.0 0.9417
828.0 0.9434
829.0 0.9452
830.0 0.9469
831.0 0.9435
832.0 0.9402
833.0 0.9368
834.0 0.9335
835.0 0.9302
836.0 0.9268
837.0 0.9234
838.0 0.9201
839.0 0.9167
840.0 0.9134
841.0 0.9132
842.0 0.9130
843.0 0.9127
844.0 0.9125
845.0 0.9123
846.0 0.9121
847.0 0.9119
848.0 0.9116
849.0 0.9114
850.0 0.9112
851.0 0.9089
852.0 0.9066
853.0 0.9042
854.0 0.9019
855.0 0.8996
856.0 0.8973
857.0 0.8950
858.0 0.8926
859.0 0.8903
860.0 0.8880
861.0 0.8854
862.0 0.8829
863.0 0.8803
864.0 0.8777
865.0 0.8751
866.0 0.8726
867.0 0.8700
868.0 0.8674
869.0 0.8649
870.0 0.8623
871.0 0.8647
872.0 0.8671
873.0 0.8694
874.0 0.8718
875.0 0.8742
876.0 0.8766
877.0 0.8790
878.0 0.8813
879.0 0.8837
880.0 0.8861
881.0 0.8822
882.0 0.8783
883.0 0.8743
884.0 0.8704
885.0 0.8665
886.0 0.8626
887.0 0.8587
888.0 0.8547
889.0 0.8508
890.0 0.8469
891.0 0.8435
892.0 0.8400
893.0 0.8366
894.0 0.8331
895.0 0.8297
896.0 0.8263
897.0 0.8228
898.0 0.8194
899.0 0.8159
900.0 0.8125
901.0 0.8113
902.0 0.8101
903.0 0.8089
904.0 0.8077
905.0 0.8065
906.0 0.8052
907.0 0.8040
908.0 0.8028
909.0 0.8016
910.0 0.8004
911.0 0.7992
912.0 0.7980
913.0 0.7968
914.0 0.7956
915.0 0.7944
916.0 0.7931
917.0 0.7919
918.0 0.7907
919.0 0.7895
920.0 0.7883
921.0 0.7843
922.0 0.7803
923.0 0.7763
924.0 0.7723
925.0 0.7683
926.0 0.7644
927.0 0.7604
928.0 0.7564
929.0 0.7524
930.0 0.7484
931.0 0.7355
932.0 0.7227
933.0 0.7098
934.0 0.6969
935.0 0.6841
936.0 0.6712
937.0 0.6583
938.0 0.6454
939.0 0.6326
940.0 0.6197
941.0 0.6158
942.0 0.6119
943.0 0.6080
944.0 0.6040
945.0 0.6001
946.0 0.5962
947.0 0.5923
948.0 0.5884
949.0 0.5845
950.0 0.5806
951.0 0.5767
952.0 0.5727
953.0 0.5688
954.0 0.5649
955.0 0.5610
956.0 0.5571
957.0 0.5532
958.0 0.5493
959.0 0.5454
960.0 0.5414
961.0 0.5375
962.0 0.5336
963.0 0.5297
964.0 0.5258
965.0 0.5219
966.0 0.5180
967.0 0.5141
968.0 0.5101
969.0 0.5062
970.0 0.5023
971.0 0.4984
972.0 0.4945
973.0 0.4880
974.0 0.4816
975.0 0.4723
976.0 0.4630
977.0 0.4538
978.0 0.4445
979.0 0.4403
980.0 0.4360
981.0 0.4318
982.0 0.4276
983.0 0.4183
984.0 0.4089
985.0 0.4068
986.0 0.4047
987.0 0.3921
988.0 0.3795
989.0 0.3778
990.0 0.3760
991.0 0.3541
992.0 0.3322
993.0 0.3377
994.0 0.3432
995.0 0.3355
996.0 0.3278
997.0 0.3248
998.0 0.3219
999.0 0.3185
1000.0 0.3151
1001.0 0.3082
1002.0 0.3013
1003.0 0.2944
1004.0 0.2874
1005.0 0.2805
1006.0 0.2736
1007.0 0.2667
1008.0 0.2598
1009.0 0.2529
1010.0 0.2460
1011.0 0.2390
1012.0 0.2321
1013.0 0.2252
1014.0 0.2183
1015.0 0.2114
1016.0 0.2045
1017.0 0.1975
1018.0 0.1906
1019.0 0.1837
1020.0 0.1768
1021.0 0.1708
1022.0 0.1649
1023.0 0.1589
1024.0 0.1529
1025.0 0.1469
1026.0 0.1410
1027.0 0.1350
1028.0 0.1290
1029.0 0.1231
1030.0 0.1171
1031.0 0.1108
1032.0 0.1044
1033.0 0.0981
1034.0 0.0918
1035.0 0.0854
1036.0 0.0791
1037.0 0.0728
1038.0 0.0665
1039.0 0.0601
1040.0 0.0538
1041.0 0.0525
1042.0 0.0511
1043.0 0.0498
1044.0 0.0484
1045.0 0.0471
1046.0 0.0457
1047.0 0.0444
1048.0 0.0430
1049.0 0.0417
1050.0 0.0403
1051.0 0.0387
1052.0 0.0372
1053.0 0.0357
1054.0 0.0341
1055.0 0.0326
1056.0 0.0310
1057.0 0.0295
1058.0 0.0279
1059.0 0.0264
1060.0 0.0248
1061.0 0.0232
1062.0 0.0217
1063.0 0.0202
1064.0 0.0186
1065.0 0.0171
1066.0 0.0155
1067.0 0.0140
1068.0 0.0124
1069.0 0.0108
1070.0 0.0093
1071.0 0.0089
1072.0 0.0085
1073.0 0.0081
1074.0 0.0078
1075.0 0.0074
1076.0 0.0070
1077.0 0.0066
1078.0 0.0062
1079.0 0.0058
1080.0 0.0054
1081.0 0.0051
1082.0 0.0047
1083.0 0.0043
1084.0 0.0039
1085.0 0.0035
1086.0 0.0031
1087.0 0.0028
1088.0 0.0024
1089.0 0.0020
1090.0 0.0016
1091.0 0.0006
1092.0 0.0000
1093.0 0.0000
1094.0 0.0000
1095.0 0.0000
1096.0 0.0000
1097.0 0.0000
1098.0 0.0000
1099.0 0.0000
1100.0 0.0000
