3.000000000000000000e+02 3.213975612619489608e-01
3.010000000000000000e+02 3.243856368069768514e-01
3.020000000000000000e+02 3.283688238518381319e-01
3.030000000000000000e+02 3.313570173888919501e-01
3.040000000000000000e+02 3.353403405783986768e-01
3.050000000000000000e+02 3.393237363783829785e-01
3.060000000000000000e+02 3.423121114416306510e-01
3.070000000000000000e+02 3.462956433862603434e-01
3.080000000000000000e+02 3.502792479413674998e-01
3.090000000000000000e+02 3.542629251069523422e-01
3.100000000000000000e+02 3.582466748830146486e-01
3.110000000000000000e+02 3.622304972695545300e-01
3.120000000000000000e+02 3.662143922665718754e-01
3.130000000000000000e+02 3.701983598740669068e-01
3.140000000000000000e+02 3.741824000920394022e-01
3.150000000000000000e+02 3.781665129204895281e-01
3.160000000000000000e+02 3.821506983594171181e-01
3.170000000000000000e+02 3.871301495954430072e-01
3.180000000000000000e+02 3.911144893316353954e-01
3.190000000000000000e+02 3.950989016783054142e-01
3.200000000000000000e+02 4.000786070510026771e-01
3.210000000000000000e+02 4.040631736949374386e-01
3.220000000000000000e+02 4.090430515175188519e-01
3.230000000000000000e+02 4.130277724587184673e-01
3.240000000000000000e+02 4.180078227311840866e-01
3.250000000000000000e+02 4.229879637667467440e-01
3.260000000000000000e+02 4.269729206919982700e-01
3.270000000000000000e+02 4.319532341774451334e-01
3.280000000000000000e+02 4.369336384259887573e-01
3.290000000000000000e+02 4.419141334376294750e-01
3.300000000000000000e+02 4.468947192123670642e-01
3.310000000000000000e+02 4.518753957502016361e-01
3.320000000000000000e+02 4.568561630511330796e-01
3.330000000000000000e+02 4.618370211151615057e-01
3.340000000000000000e+02 4.668179699422868589e-01
3.350000000000000000e+02 4.717990095325090838e-01
3.360000000000000000e+02 4.777755055223332770e-01
3.370000000000000000e+02 4.837521104278736384e-01
3.380000000000000000e+02 4.877380566708819365e-01
3.390000000000000000e+02 4.907286826589337680e-01
3.400000000000000000e+02 4.927239611631001881e-01
3.410000000000000000e+02 4.917330429183452978e-01
3.420000000000000000e+02 4.897466864266080688e-01
3.430000000000000000e+02 4.857694352882866440e-01
3.440000000000000000e+02 4.807966732925051945e-01
3.450000000000000000e+02 4.758238205336267623e-01
3.460000000000000000e+02 4.708508770116515141e-01
3.470000000000000000e+02 4.658778427265793387e-01
3.480000000000000000e+02 4.609047176784101807e-01
3.490000000000000000e+02 4.569269854956748422e-01
3.500000000000000000e+02 4.539446734073027123e-01
3.510000000000000000e+02 4.499668050799220387e-01
3.520000000000000000e+02 4.469843749995238702e-01
3.530000000000000000e+02 4.440018904612674233e-01
3.540000000000000000e+02 4.410193514651528646e-01
3.550000000000000000e+02 4.380367580111801384e-01
3.560000000000000000e+02 4.350541100993493004e-01
3.570000000000000000e+02 4.320714077296601840e-01
3.580000000000000000e+02 4.300842162174310923e-01
3.590000000000000000e+02 4.271014140083354560e-01
3.600000000000000000e+02 4.251141408093191409e-01
3.610000000000000000e+02 4.231268313050640661e-01
3.620000000000000000e+02 4.221350871161270168e-01
3.630000000000000000e+02 4.211433247745706709e-01
3.640000000000000000e+02 4.201515442803949174e-01
3.650000000000000000e+02 4.191597456335998118e-01
3.660000000000000000e+02 4.191635667599808990e-01
3.670000000000000000e+02 4.191673878863620972e-01
3.680000000000000000e+02 4.191712090127431845e-01
3.690000000000000000e+02 4.201706952938491502e-01
3.700000000000000000e+02 4.211701997275744125e-01
3.710000000000000000e+02 4.231654056212632575e-01
3.720000000000000000e+02 4.251606478201908068e-01
3.730000000000000000e+02 4.271559263243572824e-01
3.740000000000000000e+02 4.301469516700355822e-01
3.750000000000000000e+02 4.331380314735722159e-01
3.760000000000000000e+02 4.371248944238594891e-01
3.770000000000000000e+02 4.411118299846244484e-01
3.780000000000000000e+02 4.450988381558668161e-01
3.790000000000000000e+02 4.500816748554085645e-01
3.800000000000000000e+02 4.560603673121785828e-01
3.810000000000000000e+02 4.620391686846649359e-01
3.820000000000000000e+02 4.680180789728675128e-01
3.830000000000000000e+02 4.749928903998471008e-01
3.840000000000000000e+02 4.829636301945324783e-01
3.850000000000000000e+02 4.899387048344930884e-01
3.860000000000000000e+02 4.989055454467685724e-01
3.870000000000000000e+02 5.068767209043192334e-01
3.880000000000000000e+02 5.148480415828250445e-01
3.890000000000000000e+02 5.238153541632045718e-01
3.900000000000000000e+02 5.327828301171585457e-01
3.910000000000000000e+02 5.407546046111489924e-01
3.920000000000000000e+02 5.497223982359423777e-01
3.930000000000000000e+02 5.576944722481527172e-01
3.940000000000000000e+02 5.666625835437852921e-01
3.950000000000000000e+02 5.746349570742154134e-01
3.960000000000000000e+02 5.816115656105144138e-01
3.970000000000000000e+02 5.895842205065452424e-01
3.980000000000000000e+02 5.965610922558253204e-01
3.990000000000000000e+02 6.035380910734409188e-01
4.000000000000000000e+02 6.105152169593923706e-01
4.010000000000000000e+02 6.174924699136795647e-01
4.020000000000000000e+02 6.234738852633577855e-01
4.030000000000000000e+02 6.294554095287523410e-01
4.040000000000000000e+02 6.354370427098631202e-01
4.050000000000000000e+02 6.414187848066903452e-01
4.060000000000000000e+02 6.474006358192339050e-01
4.070000000000000000e+02 6.533825957474936885e-01
4.080000000000000000e+02 6.583686454606670901e-01
4.090000000000000000e+02 6.633547859369374189e-01
4.100000000000000000e+02 6.683410171763046748e-01
4.110000000000000000e+02 6.743233855385006859e-01
4.120000000000000000e+02 6.793098073803714998e-01
4.130000000000000000e+02 6.833002554729880051e-01
4.140000000000000000e+02 6.882868497647428585e-01
4.150000000000000000e+02 6.932735348195948610e-01
4.160000000000000000e+02 6.982603106375436797e-01
4.170000000000000000e+02 7.022510764009993744e-01
4.180000000000000000e+02 7.072380246688324545e-01
4.190000000000000000e+02 7.112289447295530032e-01
4.200000000000000000e+02 7.152199374007510713e-01
4.210000000000000000e+02 7.202071398052555251e-01
4.220000000000000000e+02 7.241982867737184471e-01
4.230000000000000000e+02 7.281895063526588885e-01
4.240000000000000000e+02 7.321807985420767384e-01
4.250000000000000000e+02 7.361721633419724409e-01
4.260000000000000000e+02 7.401636007523454408e-01
4.270000000000000000e+02 7.431589191925092042e-01
4.280000000000000000e+02 7.471504927475275393e-01
4.290000000000000000e+02 7.511421389130236159e-01
4.300000000000000000e+02 7.551338576889972121e-01
4.310000000000000000e+02 7.581294211895226454e-01
4.320000000000000000e+02 7.621212761101414657e-01
4.330000000000000000e+02 7.651169576026929375e-01
4.340000000000000000e+02 7.681126935531025213e-01
4.350000000000000000e+02 7.721047481525348255e-01
4.360000000000000000e+02 7.751006020949703368e-01
4.370000000000000000e+02 7.780965104952640710e-01
4.380000000000000000e+02 7.810924733534160280e-01
4.390000000000000000e+02 7.840884906694260970e-01
4.400000000000000000e+02 7.870845624432943888e-01
4.410000000000000000e+02 7.900806886750206814e-01
4.420000000000000000e+02 7.930768693646051970e-01
4.430000000000000000e+02 7.950767677104059183e-01
4.440000000000000000e+02 7.980730482393971759e-01
4.450000000000000000e+02 8.010693832262464342e-01
4.460000000000000000e+02 8.030694086403826759e-01
4.470000000000000000e+02 8.050694703597578439e-01
4.480000000000000000e+02 8.080659505675623633e-01
4.490000000000000000e+02 8.100660939737245325e-01
4.500000000000000000e+02 8.120662736851256280e-01
4.510000000000000000e+02 8.140664897017654278e-01
4.520000000000000000e+02 8.160667420236442648e-01
4.530000000000000000e+02 8.180670306507615841e-01
4.540000000000000000e+02 8.190709189420691816e-01
4.550000000000000000e+02 8.210712711033543165e-01
4.560000000000000000e+02 8.220752047762103221e-01
4.570000000000000000e+02 8.240756204716633837e-01
4.580000000000000000e+02 8.250795995260679083e-01
4.590000000000000000e+02 8.260835967330916185e-01
4.600000000000000000e+02 8.280841031916418293e-01
4.610000000000000000e+02 8.290881457802140586e-01
4.620000000000000000e+02 8.300922065214056955e-01
4.630000000000000000e+02 8.300997670873807577e-01
4.640000000000000000e+02 8.311038550575015060e-01
4.650000000000000000e+02 8.321079611802416620e-01
4.660000000000000000e+02 8.331120854556011146e-01
4.670000000000000000e+02 8.331196732505051772e-01
4.680000000000000000e+02 8.341238247547938522e-01
4.690000000000000000e+02 8.351279944117018239e-01
4.700000000000000000e+02 8.351356003592254051e-01
4.710000000000000000e+02 8.361397972450623772e-01
4.720000000000000000e+02 8.361474122688956623e-01
4.730000000000000000e+02 8.371516363836618568e-01
4.740000000000000000e+02 8.371592604838046237e-01
4.750000000000000000e+02 8.371668845839476125e-01
4.760000000000000000e+02 8.381711450039526223e-01
4.770000000000000000e+02 8.381787781804052040e-01
4.780000000000000000e+02 8.391830658293391032e-01
4.790000000000000000e+02 8.391907080821014997e-01
4.800000000000000000e+02 8.391983503348637852e-01
4.810000000000000000e+02 8.402026742890366107e-01
4.820000000000000000e+02 8.402103256181084889e-01
4.830000000000000000e+02 8.412146768012104259e-01
4.840000000000000000e+02 8.412223372065921190e-01
4.850000000000000000e+02 8.412299976119738121e-01
4.860000000000000000e+02 8.412376580173555052e-01
4.870000000000000000e+02 8.412453184227370873e-01
4.880000000000000000e+02 8.412529788281187804e-01
4.890000000000000000e+02 8.412606392335005845e-01
4.900000000000000000e+02 8.402715362506845143e-01
4.910000000000000000e+02 8.402791875797563925e-01
4.920000000000000000e+02 8.402868389088283818e-01
4.930000000000000000e+02 8.402944902379004821e-01
4.940000000000000000e+02 8.403021415669724714e-01
4.950000000000000000e+02 8.403097928960443497e-01
4.960000000000000000e+02 8.403174442251163390e-01
4.970000000000000000e+02 8.413219224765540183e-01
4.980000000000000000e+02 8.413295828819357114e-01
4.990000000000000000e+02 8.413372432873174045e-01
5.000000000000000000e+02 8.413449036926990976e-01
5.010000000000000000e+02 8.413525640980807907e-01
5.020000000000000000e+02 8.413602245034624838e-01
5.030000000000000000e+02 8.413678849088440659e-01
5.040000000000000000e+02 8.413755453142257590e-01
5.050000000000000000e+02 8.413832057196074521e-01
5.060000000000000000e+02 8.413908661249893672e-01
5.070000000000000000e+02 8.413985265303708383e-01
5.080000000000000000e+02 8.414061869357525314e-01
5.090000000000000000e+02 8.414138473411342245e-01
5.100000000000000000e+02 8.414215077465160286e-01
5.110000000000000000e+02 8.414291681518974997e-01
5.120000000000000000e+02 8.414368285572793038e-01
5.130000000000000000e+02 8.414444889626609969e-01
5.140000000000000000e+02 8.414521493680428010e-01
5.150000000000000000e+02 8.414598097734243831e-01
5.160000000000000000e+02 8.424644695510558057e-01
5.170000000000000000e+02 8.424721390327472026e-01
5.180000000000000000e+02 8.424798085144385995e-01
5.190000000000000000e+02 8.424874779961298854e-01
5.200000000000000000e+02 8.424951474778213933e-01
5.210000000000000000e+02 8.425028169595126792e-01
5.220000000000000000e+02 8.425104864412040762e-01
5.230000000000000000e+02 8.425181559228953621e-01
5.240000000000000000e+02 8.435228973873142300e-01
5.250000000000000000e+02 8.435305759453152197e-01
5.260000000000000000e+02 8.435382545033163204e-01
5.270000000000000000e+02 8.435459330613173101e-01
5.280000000000000000e+02 8.435536116193185219e-01
5.290000000000000000e+02 8.435612901773195116e-01
5.300000000000000000e+02 8.445660951759060842e-01
5.310000000000000000e+02 8.445737828102169997e-01
5.320000000000000000e+02 8.445814704445275822e-01
5.330000000000000000e+02 8.445891580788384978e-01
5.340000000000000000e+02 8.445968457131491913e-01
5.350000000000000000e+02 8.456017051695939868e-01
5.360000000000000000e+02 8.456094018802142731e-01
5.370000000000000000e+02 8.456170985908348925e-01
5.380000000000000000e+02 8.456247953014551788e-01
5.390000000000000000e+02 8.466297001394484933e-01
5.400000000000000000e+02 8.466374059263785945e-01
5.410000000000000000e+02 8.466451117133088067e-01
5.420000000000000000e+02 8.476500528565407144e-01
5.430000000000000000e+02 8.476577677197806304e-01
5.440000000000000000e+02 8.476654825830204354e-01
5.450000000000000000e+02 8.476731974462603514e-01
5.460000000000000000e+02 8.486781839710406672e-01
5.470000000000000000e+02 8.486859079105902870e-01
5.480000000000000000e+02 8.496909216642998253e-01
5.490000000000000000e+02 8.496986546801590379e-01
5.500000000000000000e+02 8.497063876960181394e-01
5.510000000000000000e+02 8.507114377549664930e-01
5.520000000000000000e+02 8.507191798471355204e-01
5.530000000000000000e+02 8.517242571350128744e-01
5.540000000000000000e+02 8.517320083034914946e-01
5.550000000000000000e+02 8.517397594719702258e-01
5.560000000000000000e+02 8.517475106404488461e-01
5.570000000000000000e+02 8.517552618089273553e-01
5.580000000000000000e+02 8.507656324001491299e-01
5.590000000000000000e+02 8.507733744923179353e-01
5.600000000000000000e+02 8.497837178546107095e-01
5.610000000000000000e+02 8.497914508704698111e-01
5.620000000000000000e+02 8.497991838863291347e-01
5.630000000000000000e+02 8.498069169021882363e-01
5.640000000000000000e+02 8.498146499180475599e-01
5.650000000000000000e+02 8.508198270453316558e-01
5.660000000000000000e+02 8.508275691375005723e-01
5.670000000000000000e+02 8.518327734937136686e-01
5.680000000000000000e+02 8.528379960025461726e-01
5.690000000000000000e+02 8.538432366639980842e-01
5.700000000000000000e+02 8.548484954780691814e-01
5.710000000000000000e+02 8.558537724447597972e-01
5.720000000000000000e+02 8.568590675640699317e-01
5.730000000000000000e+02 8.578643808359993628e-01
5.740000000000000000e+02 8.588697122605480905e-01
5.750000000000000000e+02 8.608725967122380363e-01
5.760000000000000000e+02 8.618779735183353941e-01
5.770000000000000000e+02 8.628833684770520485e-01
5.780000000000000000e+02 8.638887815883881105e-01
5.790000000000000000e+02 8.648942128523434691e-01
5.800000000000000000e+02 8.658996622689184575e-01
5.810000000000000000e+02 8.669051298381125203e-01
5.820000000000000000e+02 8.669130171512364758e-01
5.830000000000000000e+02 8.679185119493598721e-01
5.840000000000000000e+02 8.689240249001025651e-01
5.850000000000000000e+02 8.689319303658459281e-01
5.860000000000000000e+02 8.699374705455176215e-01
5.870000000000000000e+02 8.699453850875707994e-01
5.880000000000000000e+02 8.709509524961717153e-01
5.890000000000000000e+02 8.709588761145347080e-01
5.900000000000000000e+02 8.709667997328973676e-01
5.910000000000000000e+02 8.699770432557833999e-01
5.920000000000000000e+02 8.699849577978364668e-01
5.930000000000000000e+02 8.689951740917934986e-01
5.940000000000000000e+02 8.680053722331309007e-01
5.950000000000000000e+02 8.680132686225646710e-01
5.960000000000000000e+02 8.670234395349730727e-01
5.970000000000000000e+02 8.660335922947621778e-01
5.980000000000000000e+02 8.650437269019317643e-01
5.990000000000000000e+02 8.650515960624364231e-01
6.000000000000000000e+02 8.640617034406770092e-01
6.010000000000000000e+02 8.630717926662982986e-01
6.020000000000000000e+02 8.630796436741834388e-01
6.030000000000000000e+02 8.620897056708756168e-01
6.040000000000000000e+02 8.620975476024510531e-01
6.050000000000000000e+02 8.621053895340267115e-01
6.060000000000000000e+02 8.621132314656022588e-01
6.070000000000000000e+02 8.621210733971779172e-01
6.080000000000000000e+02 8.621289153287533535e-01
6.090000000000000000e+02 8.631346007293803080e-01
6.100000000000000000e+02 8.641403042826264480e-01
6.110000000000000000e+02 8.651460259884921067e-01
6.120000000000000000e+02 8.661517658469771730e-01
6.130000000000000000e+02 8.681554036323717582e-01
6.140000000000000000e+02 8.691611888724052326e-01
6.150000000000000000e+02 8.711648901919676335e-01
6.160000000000000000e+02 8.721707208135496270e-01
6.170000000000000000e+02 8.741744856672797326e-01
6.180000000000000000e+02 8.751803616704103561e-01
6.190000000000000000e+02 8.771841900583082774e-01
6.200000000000000000e+02 8.781901114429873090e-01
6.210000000000000000e+02 8.791960509802855261e-01
6.220000000000000000e+02 8.802020086702032620e-01
6.230000000000000000e+02 8.812079845127402944e-01
6.240000000000000000e+02 8.822139785078968455e-01
6.250000000000000000e+02 8.822220019656661361e-01
6.260000000000000000e+02 8.832280231897517986e-01
6.270000000000000000e+02 8.832360557238309040e-01
6.280000000000000000e+02 8.832440882579100094e-01
6.290000000000000000e+02 8.832521207919891149e-01
6.300000000000000000e+02 8.822621192545134772e-01
6.310000000000000000e+02 8.822701427122828788e-01
6.320000000000000000e+02 8.822781661700522804e-01
6.330000000000000000e+02 8.822861896278216820e-01
6.340000000000000000e+02 8.812961427087975252e-01
6.350000000000000000e+02 8.813041570902572230e-01
6.360000000000000000e+02 8.813121714717170319e-01
6.370000000000000000e+02 8.803220882474540598e-01
6.380000000000000000e+02 8.803300935526040538e-01
6.390000000000000000e+02 8.803380988577542698e-01
6.400000000000000000e+02 8.803461041629042638e-01
6.410000000000000000e+02 8.803541094680542578e-01
6.420000000000000000e+02 8.803621147732042518e-01
6.430000000000000000e+02 8.803701200783544678e-01
6.440000000000000000e+02 8.803781253835044618e-01
6.450000000000000000e+02 8.813843009048547561e-01
6.460000000000000000e+02 8.813923152863144539e-01
6.470000000000000000e+02 8.814003296677742627e-01
6.480000000000000000e+02 8.824065414943634833e-01
6.490000000000000000e+02 8.824145649521328849e-01
6.500000000000000000e+02 8.834208040076509949e-01
6.510000000000000000e+02 8.834288365417303224e-01
6.520000000000000000e+02 8.844351028261775438e-01
6.530000000000000000e+02 8.844431444365662420e-01
6.540000000000000000e+02 8.854494379499426859e-01
6.550000000000000000e+02 8.854574886366413100e-01
6.560000000000000000e+02 8.864638093789467543e-01
6.570000000000000000e+02 8.874701482738713842e-01
6.580000000000000000e+02 8.874782171131893049e-01
6.590000000000000000e+02 8.884845832370433794e-01
6.600000000000000000e+02 8.884926611526710039e-01
6.610000000000000000e+02 8.894990545054538567e-01
6.620000000000000000e+02 8.895071414973911850e-01
6.630000000000000000e+02 8.905135620791032602e-01
6.640000000000000000e+02 8.905216581473502924e-01
6.650000000000000000e+02 8.905297542155974355e-01
6.660000000000000000e+02 8.915362111025481040e-01
6.670000000000000000e+02 8.915443162471048399e-01
6.680000000000000000e+02 8.915524213916614649e-01
6.690000000000000000e+02 8.915605265362183118e-01
6.700000000000000000e+02 8.915686316807748257e-01
6.710000000000000000e+02 8.915767368253316727e-01
6.720000000000000000e+02 8.905864266933264384e-01
6.730000000000000000e+02 8.905945227615733595e-01
6.740000000000000000e+02 8.906026188298202806e-01
6.750000000000000000e+02 8.896122723925761200e-01
6.760000000000000000e+02 8.896203593845135593e-01
6.770000000000000000e+02 8.886299857183402873e-01
6.780000000000000000e+02 8.886380636339679118e-01
6.790000000000000000e+02 8.886461415495954252e-01
6.800000000000000000e+02 8.876557315781835600e-01
6.810000000000000000e+02 8.876638004175013696e-01
6.820000000000000000e+02 8.866733632171603929e-01
6.830000000000000000e+02 8.866814229801686098e-01
6.840000000000000000e+02 8.866894827431768267e-01
6.850000000000000000e+02 8.856990092375969237e-01
6.860000000000000000e+02 8.857070599242954367e-01
6.870000000000000000e+02 8.857151106109939498e-01
6.880000000000000000e+02 8.857231612976925739e-01
6.890000000000000000e+02 8.857312119843909759e-01
6.900000000000000000e+02 8.857392626710894890e-01
6.910000000000000000e+02 8.857473133577880020e-01
6.920000000000000000e+02 8.857553640444866261e-01
6.930000000000000000e+02 8.857634147311851391e-01
6.940000000000000000e+02 8.857714654178837632e-01
6.950000000000000000e+02 8.867781401362671012e-01
6.960000000000000000e+02 8.867861998992754291e-01
6.970000000000000000e+02 8.867942596622836460e-01
6.980000000000000000e+02 8.868023194252918628e-01
6.990000000000000000e+02 8.878090395252238309e-01
7.000000000000000000e+02 8.878171083645417516e-01
7.010000000000000000e+02 8.888238556934029422e-01
7.020000000000000000e+02 8.888319336090303446e-01
7.030000000000000000e+02 8.888400115246580802e-01
7.040000000000000000e+02 8.898467951587578639e-01
7.050000000000000000e+02 8.898548821506951922e-01
7.060000000000000000e+02 8.908616930137240875e-01
7.070000000000000000e+02 8.908697890819711196e-01
7.080000000000000000e+02 8.918766271739290152e-01
7.090000000000000000e+02 8.918847323184858622e-01
7.100000000000000000e+02 8.928915976393727583e-01
7.110000000000000000e+02 8.938984811128793950e-01
7.120000000000000000e+02 8.939066044100554276e-01
7.130000000000000000e+02 8.949135151124909537e-01
7.140000000000000000e+02 8.949216474859766901e-01
7.150000000000000000e+02 8.959285854173413277e-01
7.160000000000000000e+02 8.969355415013254840e-01
7.170000000000000000e+02 8.969436920274305169e-01
7.180000000000000000e+02 8.979506753403437846e-01
7.190000000000000000e+02 8.979588349427585214e-01
7.200000000000000000e+02 8.989658454846007896e-01
7.210000000000000000e+02 8.999728741790622433e-01
7.220000000000000000e+02 8.999810519340966097e-01
7.230000000000000000e+02 9.009881078574871749e-01
7.240000000000000000e+02 9.009962946888311341e-01
7.250000000000000000e+02 9.020033778411509218e-01
7.260000000000000000e+02 9.020115737488044738e-01
7.270000000000000000e+02 9.030186841300533729e-01
7.280000000000000000e+02 9.040258126639215686e-01
7.290000000000000000e+02 9.040340267241945282e-01
7.300000000000000000e+02 9.050411824869918354e-01
7.310000000000000000e+02 9.050494056235746099e-01
7.320000000000000000e+02 9.060565886153009174e-01
7.330000000000000000e+02 9.060648208281932847e-01
7.340000000000000000e+02 9.060730530410856520e-01
7.350000000000000000e+02 9.070802723380508858e-01
7.360000000000000000e+02 9.070885136272530680e-01
7.370000000000000000e+02 9.080957601531471912e-01
7.380000000000000000e+02 9.081040105186589662e-01
7.390000000000000000e+02 9.081122608841706301e-01
7.400000000000000000e+02 9.091195437153037906e-01
7.410000000000000000e+02 9.091278031571251583e-01
7.420000000000000000e+02 9.091360625989466371e-01
7.430000000000000000e+02 9.091443220407682269e-01
7.440000000000000000e+02 9.101516502534497954e-01
7.450000000000000000e+02 9.101599187715808670e-01
7.460000000000000000e+02 9.101681872897120495e-01
7.470000000000000000e+02 9.101764558078432321e-01
7.480000000000000000e+02 9.101847243259745257e-01
7.490000000000000000e+02 9.111921069965142062e-01
7.500000000000000000e+02 9.112003845909548705e-01
7.510000000000000000e+02 9.112086621853957569e-01
7.520000000000000000e+02 9.112169397798367543e-01
7.530000000000000000e+02 9.112252173742776407e-01
7.540000000000000000e+02 9.112334949687184160e-01
7.550000000000000000e+02 9.112417725631593024e-01
7.560000000000000000e+02 9.112500501576001888e-01
7.570000000000000000e+02 9.112583277520410752e-01
7.580000000000000000e+02 9.112666053464818505e-01
7.590000000000000000e+02 9.122740878564281619e-01
7.600000000000000000e+02 9.122823745271787521e-01
7.610000000000000000e+02 9.122906611979293423e-01
7.620000000000000000e+02 9.122989478686799325e-01
7.630000000000000000e+02 9.123072345394304117e-01
7.640000000000000000e+02 9.123155212101810019e-01
7.650000000000000000e+02 9.123238078809315921e-01
7.660000000000000000e+02 9.123320945516821823e-01
7.670000000000000000e+02 9.123403812224326614e-01
7.680000000000000000e+02 9.123486678931832516e-01
7.690000000000000000e+02 9.123569545639338418e-01
7.700000000000000000e+02 9.123652412346844320e-01
7.710000000000000000e+02 9.123735279054350222e-01
7.720000000000000000e+02 9.123818145761855014e-01
7.730000000000000000e+02 9.133894332307772590e-01
7.740000000000000000e+02 9.133977289778375530e-01
7.750000000000000000e+02 9.134060247248978470e-01
7.760000000000000000e+02 9.134143204719579190e-01
7.770000000000000000e+02 9.134226162190183240e-01
7.780000000000000000e+02 9.134309119660786180e-01
7.790000000000000000e+02 9.134392077131388010e-01
7.800000000000000000e+02 9.134475034601989840e-01
7.810000000000000000e+02 9.134557992072593890e-01
7.820000000000000000e+02 9.134640949543195720e-01
7.830000000000000000e+02 9.134723907013798661e-01
7.840000000000000000e+02 9.134806864484402711e-01
7.850000000000000000e+02 9.134889821955003431e-01
7.860000000000000000e+02 9.134972779425607481e-01
7.870000000000000000e+02 9.135055736896209311e-01
7.880000000000000000e+02 9.135138694366812251e-01
7.890000000000000000e+02 9.135221651837414081e-01
7.900000000000000000e+02 9.135304609308017021e-01
7.910000000000000000e+02 9.125392613204462711e-01
7.920000000000000000e+02 9.125475479911969723e-01
7.930000000000000000e+02 9.125558346619474515e-01
7.940000000000000000e+02 9.125641213326980417e-01
7.950000000000000000e+02 9.125724080034487429e-01
7.960000000000000000e+02 9.125806946741992220e-01
7.970000000000000000e+02 9.115894315296759753e-01
7.980000000000000000e+02 9.115977091241168617e-01
7.990000000000000000e+02 9.116059867185578591e-01
8.000000000000000000e+02 9.116142643129986345e-01
8.010000000000000000e+02 9.106229557869270907e-01
8.020000000000000000e+02 9.106312243050581623e-01
8.030000000000000000e+02 9.106394928231893449e-01
8.040000000000000000e+02 9.106477613413204164e-01
8.050000000000000000e+02 9.096564074337004646e-01
8.060000000000000000e+02 9.096646668755219434e-01
8.070000000000000000e+02 9.096729263173434221e-01
8.080000000000000000e+02 9.086815361044844330e-01
8.090000000000000000e+02 9.086897864699962080e-01
8.100000000000000000e+02 9.086980368355080939e-01
8.110000000000000000e+02 9.087062872010197578e-01
8.120000000000000000e+02 9.077148516066123607e-01
8.130000000000000000e+02 9.077230928958145428e-01
8.140000000000000000e+02 9.077313341850165029e-01
8.150000000000000000e+02 9.077395754742186851e-01
8.160000000000000000e+02 9.077478167634207562e-01
8.170000000000000000e+02 9.067563267111552472e-01
8.180000000000000000e+02 9.067645589240475035e-01
8.190000000000000000e+02 9.067727911369400928e-01
8.200000000000000000e+02 9.067810233498325712e-01
8.210000000000000000e+02 9.067892555627248274e-01
8.220000000000000000e+02 9.067974877756171947e-01
8.230000000000000000e+02 9.068057199885096731e-01
8.240000000000000000e+02 9.068139522014021514e-01
8.250000000000000000e+02 9.068221844142944077e-01
8.260000000000000000e+02 9.068304166271867750e-01
8.270000000000000000e+02 9.068386488400793644e-01
8.280000000000000000e+02 9.068468810529717317e-01
8.290000000000000000e+02 9.068551132658640990e-01
8.300000000000000000e+02 9.068633454787564663e-01
8.310000000000000000e+02 9.068715776916490556e-01
8.320000000000000000e+02 9.078796773906544493e-01
8.330000000000000000e+02 9.078879186798564094e-01
8.340000000000000000e+02 9.078961599690585915e-01
8.350000000000000000e+02 9.079044012582607737e-01
8.360000000000000000e+02 9.079126425474628448e-01
8.370000000000000000e+02 9.079208838366648049e-01
8.380000000000000000e+02 9.079291251258668760e-01
8.390000000000000000e+02 9.079373664150689471e-01
8.400000000000000000e+02 9.079456077042712403e-01
8.410000000000000000e+02 9.079538489934732004e-01
8.420000000000000000e+02 9.079620902826752715e-01
8.430000000000000000e+02 9.079703315718774537e-01
8.440000000000000000e+02 9.079785728610795248e-01
8.450000000000000000e+02 9.079868141502817069e-01
8.460000000000000000e+02 9.079950554394836670e-01
8.470000000000000000e+02 9.070032930979273766e-01
8.480000000000000000e+02 9.070115253108198550e-01
8.490000000000000000e+02 9.070197575237122223e-01
8.500000000000000000e+02 9.070279897366044786e-01
8.510000000000000000e+02 9.060361820134996691e-01
8.520000000000000000e+02 9.060444051500825546e-01
8.530000000000000000e+02 9.050525701980485227e-01
8.540000000000000000e+02 9.050607842583215934e-01
8.550000000000000000e+02 9.040689220773584500e-01
8.560000000000000000e+02 9.040771270613219279e-01
8.570000000000000000e+02 9.030852376514297841e-01
8.580000000000000000e+02 9.020933300889183437e-01
8.590000000000000000e+02 9.011014043737873846e-01
8.600000000000000000e+02 9.001094605060372400e-01
8.610000000000000000e+02 8.991174984856676877e-01
8.620000000000000000e+02 8.981255183126786168e-01
8.630000000000000000e+02 8.971335199870700272e-01
8.640000000000000000e+02 8.961415035088423631e-01
8.650000000000000000e+02 8.951494688779952913e-01
8.660000000000000000e+02 8.941574160945285898e-01
8.670000000000000000e+02 8.931653451584427028e-01
8.680000000000000000e+02 8.911730618364752665e-01
8.690000000000000000e+02 8.901809455188408604e-01
8.700000000000000000e+02 8.891888110485869356e-01
8.710000000000000000e+02 8.881966584257138253e-01
8.720000000000000000e+02 8.872044876502211963e-01
8.730000000000000000e+02 8.852120591072987210e-01
8.740000000000000000e+02 8.842198429502575729e-01
8.750000000000000000e+02 8.832276086405972393e-01
8.760000000000000000e+02 8.822353561783172760e-01
8.770000000000000000e+02 8.812430855634181270e-01
8.780000000000000000e+02 8.802507967958995705e-01
8.790000000000000000e+02 8.792584898757614953e-01
8.800000000000000000e+02 8.782661648030040125e-01
8.810000000000000000e+02 8.772738215776273440e-01
8.820000000000000000e+02 8.742808175964357220e-01
8.830000000000000000e+02 8.712877591573857661e-01
8.840000000000000000e+02 8.682946462604776983e-01
8.850000000000000000e+02 8.653014789057116296e-01
8.860000000000000000e+02 8.623082570930873381e-01
8.870000000000000000e+02 8.593149808226048236e-01
8.880000000000000000e+02 8.563216500942641973e-01
8.890000000000000000e+02 8.533282649080653481e-01
8.900000000000000000e+02 8.503348252640083871e-01
8.910000000000000000e+02 8.463409281737083178e-01
8.920000000000000000e+02 8.433473705376252072e-01
8.930000000000000000e+02 8.403537584436839847e-01
8.940000000000000000e+02 8.363596616745706536e-01
8.950000000000000000e+02 8.333659315886035035e-01
8.960000000000000000e+02 8.293716986748446152e-01
8.970000000000000000e+02 8.263778505968513155e-01
8.980000000000000000e+02 8.223834815384472030e-01
8.990000000000000000e+02 8.193895154684280868e-01
9.000000000000000000e+02 8.153950102653783061e-01
9.010000000000000000e+02 8.124009262033330403e-01
9.020000000000000000e+02 8.084062848556381464e-01
9.030000000000000000e+02 8.044115708974656220e-01
9.040000000000000000e+02 8.004167843288153561e-01
9.050000000000000000e+02 7.974224552064081983e-01
9.060000000000000000e+02 7.934275324931128193e-01
9.070000000000000000e+02 7.894325371693396987e-01
9.080000000000000000e+02 7.854374692350889475e-01
9.090000000000000000e+02 7.814423286903608989e-01
9.100000000000000000e+02 7.774471155351552198e-01
9.110000000000000000e+02 7.734518297694717992e-01
9.120000000000000000e+02 7.694564713933109701e-01
9.130000000000000000e+02 7.654610404066723994e-01
9.140000000000000000e+02 7.614655368095565313e-01
9.150000000000000000e+02 7.574699606019629217e-01
9.160000000000000000e+02 7.524736818877646449e-01
9.170000000000000000e+02 7.484779513829061814e-01
9.180000000000000000e+02 7.444821482675701985e-01
9.190000000000000000e+02 7.404862725417569180e-01
9.200000000000000000e+02 7.364903242054660071e-01
9.210000000000000000e+02 7.314936279810215769e-01
9.220000000000000000e+02 7.274975253474657011e-01
9.230000000000000000e+02 7.235013501034324168e-01
9.240000000000000000e+02 7.185043997423167239e-01
9.250000000000000000e+02 7.145080702010185858e-01
9.260000000000000000e+02 7.095109473900186314e-01
9.270000000000000000e+02 7.055144635514556395e-01
9.280000000000000000e+02 7.005171682905715347e-01
9.290000000000000000e+02 6.965205301547437999e-01
9.300000000000000000e+02 6.915230624439755447e-01
9.310000000000000000e+02 6.875262700108830671e-01
9.320000000000000000e+02 6.825286298502305504e-01
9.330000000000000000e+02 6.785316831198732190e-01
9.340000000000000000e+02 6.735338705093365519e-01
9.350000000000000000e+02 6.685359671357029576e-01
9.360000000000000000e+02 6.645387844212935491e-01
9.370000000000000000e+02 6.595407085977758044e-01
9.380000000000000000e+02 6.545425420111610215e-01
9.390000000000000000e+02 6.505451233126996469e-01
9.400000000000000000e+02 6.455467842762006025e-01
9.410000000000000000e+02 6.405483544766048531e-01
9.420000000000000000e+02 6.355498339139119546e-01
9.430000000000000000e+02 6.305512225881222399e-01
9.440000000000000000e+02 6.265534045320342305e-01
9.450000000000000000e+02 6.215546207563603653e-01
9.460000000000000000e+02 6.165557462175893511e-01
9.470000000000000000e+02 6.115567809157216317e-01
9.480000000000000000e+02 6.065577248507568742e-01
9.490000000000000000e+02 6.015585780226950785e-01
9.500000000000000000e+02 5.975602789221934330e-01
9.510000000000000000e+02 5.925609596442474869e-01
9.520000000000000000e+02 5.875615496032047247e-01
9.530000000000000000e+02 5.825620487990649243e-01
9.540000000000000000e+02 5.775624572318281968e-01
9.550000000000000000e+02 5.725627749014945422e-01
9.560000000000000000e+02 5.675630018080639605e-01
9.570000000000000000e+02 5.625631379515364516e-01
9.580000000000000000e+02 5.575631833319121267e-01
9.590000000000000000e+02 5.525631379491906525e-01
9.600000000000000000e+02 5.475630018033723623e-01
9.610000000000000000e+02 5.425627748944571449e-01
9.620000000000000000e+02 5.375624572224447784e-01
9.630000000000000000e+02 5.325620487873357067e-01
9.640000000000000000e+02 5.275615495891294859e-01
9.650000000000000000e+02 5.225609596278265601e-01
9.660000000000000000e+02 5.175602789034264850e-01
9.670000000000000000e+02 5.125595074159295939e-01
9.680000000000000000e+02 5.075586451653356646e-01
9.690000000000000000e+02 5.025576921516449191e-01
9.700000000000000000e+02 4.975566483748571356e-01
9.710000000000000000e+02 4.915543847418120116e-01
9.720000000000000000e+02 4.855520121930503863e-01
9.730000000000000000e+02 4.785483834827927163e-01
9.740000000000000000e+02 4.715446277041991929e-01
9.750000000000000000e+02 4.645407448572700937e-01
9.760000000000000000e+02 4.575367349420051410e-01
9.770000000000000000e+02 4.495314144073859208e-01
9.780000000000000000e+02 4.425271412791398351e-01
9.790000000000000000e+02 4.345215393789200742e-01
9.800000000000000000e+02 4.265157922577451077e-01
9.810000000000000000e+02 4.185098999156151578e-01
9.820000000000000000e+02 4.105038623525301134e-01
9.830000000000000000e+02 4.024976795684898634e-01
9.840000000000000000e+02 3.944913515634945189e-01
9.850000000000000000e+02 3.864848783375442465e-01
9.860000000000000000e+02 3.784782598906386575e-01
9.870000000000000000e+02 3.714727705368935928e-01
9.880000000000000000e+02 3.644671541148128968e-01
9.890000000000000000e+02 3.574614106243965139e-01
9.900000000000000000e+02 3.504555400656443331e-01
9.910000000000000000e+02 3.444508530579107886e-01
9.920000000000000000e+02 3.384460571344610758e-01
9.930000000000000000e+02 3.324411522952949172e-01
9.940000000000000000e+02 3.274374763886959694e-01
9.950000000000000000e+02 3.214323627944068451e-01
9.960000000000000000e+02 3.154271402844014416e-01
9.970000000000000000e+02 3.104231739358921938e-01
9.980000000000000000e+02 3.044177426707638801e-01
9.990000000000000000e+02 2.984122024899191206e-01
1.000000000000000000e+03 2.924065533933581373e-01
1.001000000000000000e+03 2.853993939986294026e-01
1.002000000000000000e+03 2.793935179943261016e-01
1.003000000000000000e+03 2.723861135392356414e-01
1.004000000000000000e+03 2.653785820158094944e-01
1.005000000000000000e+03 2.583709234240476049e-01
1.006000000000000000e+03 2.503616909999503148e-01
1.007000000000000000e+03 2.433537691952072923e-01
1.008000000000000000e+03 2.353442554055093783e-01
1.009000000000000000e+03 2.283360703877853337e-01
1.010000000000000000e+03 2.213277583017255190e-01
1.011000000000000000e+03 2.143193191473299619e-01
1.012000000000000000e+03 2.073107529245986624e-01
1.013000000000000000e+03 2.003020596335317594e-01
1.014000000000000000e+03 1.942947586486064304e-01
1.015000000000000000e+03 1.882873487479647390e-01
1.016000000000000000e+03 1.822798299316067405e-01
1.017000000000000000e+03 1.762722021995324351e-01
1.018000000000000000e+03 1.702644655517418504e-01
1.019000000000000000e+03 1.652581847442606833e-01
1.020000000000000000e+03 1.602518131736826168e-01
1.021000000000000000e+03 1.542437679313623522e-01
1.022000000000000000e+03 1.492372057582807277e-01
1.023000000000000000e+03 1.432289517608374974e-01
1.024000000000000000e+03 1.382221989852523147e-01
1.025000000000000000e+03 1.322137362326861465e-01
1.026000000000000000e+03 1.272067928545973503e-01
1.027000000000000000e+03 1.211981213469082164e-01
1.028000000000000000e+03 1.161909873663158760e-01
1.029000000000000000e+03 1.111837626226265391e-01
1.030000000000000000e+03 1.051747825204078363e-01
1.031000000000000000e+03 1.001673671742149829e-01
1.032000000000000000e+03 9.515986106492513308e-02
1.033000000000000000e+03 9.015226419253838386e-02
1.034000000000000000e+03 8.514457655705467976e-02
1.035000000000000000e+03 8.113850813545496476e-02
1.036000000000000000e+03 7.713236710337768864e-02
1.037000000000000000e+03 7.312615346082286527e-02
1.038000000000000000e+03 6.911986720779049465e-02
1.039000000000000000e+03 6.611525462650028051e-02
1.040000000000000000e+03 6.311058758735188512e-02
1.041000000000000000e+03 6.010586609034534317e-02
1.042000000000000000e+03 5.810286364662940739e-02
1.043000000000000000e+03 5.509804231021623450e-02
1.044000000000000000e+03 5.309495817971306153e-02
1.045000000000000000e+03 5.109183774397110106e-02
1.046000000000000000e+03 4.908868100299037390e-02
1.047000000000000000e+03 4.808730684946813105e-02
1.048000000000000000e+03 4.608408657431954658e-02
1.049000000000000000e+03 4.408082999393218154e-02
1.050000000000000000e+03 4.307938322993238450e-02
1.051000000000000000e+03 4.107606311537716909e-02
1.052000000000000000e+03 4.007457096982890155e-02
1.053000000000000000e+03 3.807118732110582882e-02
1.054000000000000000e+03 3.706964979400907689e-02
1.055000000000000000e+03 3.606809411429294510e-02
1.056000000000000000e+03 3.406461970247293830e-02
1.057000000000000000e+03 3.306301864120834294e-02
1.058000000000000000e+03 3.206139942732435383e-02
1.059000000000000000e+03 3.105976206082097443e-02
1.060000000000000000e+03 3.005810654169821516e-02
1.061000000000000000e+03 2.905643286995607255e-02
1.062000000000000000e+03 2.805474104559452925e-02
1.063000000000000000e+03 2.705303106861360260e-02
1.064000000000000000e+03 2.605130293901328914e-02
1.065000000000000000e+03 2.504955665679359234e-02
1.066000000000000000e+03 2.404779222195450178e-02
1.067000000000000000e+03 2.304600963449602094e-02
1.068000000000000000e+03 2.304621838961898317e-02
1.069000000000000000e+03 2.204440857323142558e-02
1.070000000000000000e+03 2.104258060422448118e-02
1.071000000000000000e+03 2.104277120672804965e-02
1.072000000000000000e+03 2.004091600879202156e-02
1.073000000000000000e+03 1.903904265823660666e-02
1.074000000000000000e+03 1.803715115506180147e-02
1.075000000000000000e+03 1.803731452863629320e-02
1.076000000000000000e+03 1.703539579653240779e-02
1.077000000000000000e+03 1.703555009379720611e-02
1.078000000000000000e+03 1.603360413276423702e-02
1.079000000000000000e+03 1.503164001911188111e-02
1.080000000000000000e+03 1.503177616375728914e-02
1.081000000000000000e+03 1.402978482117585302e-02
1.082000000000000000e+03 1.302777532597502834e-02
1.083000000000000000e+03 1.302789331800104783e-02
1.084000000000000000e+03 1.202585659387113946e-02
1.085000000000000000e+03 1.202596550958746902e-02
1.086000000000000000e+03 1.102390155652848043e-02
1.087000000000000000e+03 1.002181945085010330e-02
1.088000000000000000e+03 1.002191021394704083e-02
1.089000000000000000e+03 9.019800879339581745e-03
1.090000000000000000e+03 8.017673392112737579e-03
1.091000000000000000e+03 8.017746002590288301e-03
1.092000000000000000e+03 7.015591286434360446e-03
1.093000000000000000e+03 6.013418417659044911e-03
1.094000000000000000e+03 5.011227396264339960e-03
1.095000000000000000e+03 4.009018222250247329e-03
1.096000000000000000e+03 4.009054527489022690e-03
1.097000000000000000e+03 3.006818124545848972e-03
1.098000000000000000e+03 2.004563568983287140e-03
1.099000000000000000e+03 1.002290860801337627e-03
1.100000000000000000e+03 0.000000000000000000e+00
