300.0 0.0000
301.0 0.0000
302.0 0.0000
303.0 0.0000
304.0 0.0000
305.0 0.0000
306.0 0.0000
307.0 0.0000
308.0 0.0000
309.0 0.0000
310.0 0.0000
311.0 0.0000
312.0 0.0000
313.0 0.0000
314.0 0.0000
315.0 0.0000
316.0 0.0000
317.0 0.0000
318.0 0.0000
319.0 0.0000
320.0 0.0000
321.0 0.0000
322.0 0.0000
323.0 0.0000
324.0 0.0000
325.0 0.0000
326.0 0.0000
327.0 0.0000
328.0 0.0000
329.0 0.0000
330.0 0.0000
331.0 0.0000
332.0 0.0000
333.0 0.0000
334.0 0.0000
335.0 0.0000
336.0 0.0000
337.0 0.0000
338.0 0.0000
339.0 0.0000
340.0 0.0000
341.0 0.0000
342.0 0.0000
343.0 0.0000
344.0 0.0000
345.0 0.0000
346.0 0.0000
347.0 0.0000
348.0 0.0000
349.0 0.0000
350.0 0.0000
351.0 0.0000
352.0 0.0000
353.0 0.0000
354.0 0.0000
355.0 0.0000
356.0 0.0000
357.0 0.0000
358.0 0.0000
359.0 0.0000
360.0 0.0000
361.0 0.0000
362.0 0.0000
363.0 0.0000
364.0 0.0000
365.0 0.0000
366.0 0.0000
367.0 0.0000
368.0 0.0000
369.0 0.0000
370.0 0.0000
371.0 0.0000
372.0 0.0000
373.0 0.0000
374.0 0.0000
375.0 0.0000
376.0 0.0000
377.0 0.0000
378.0 0.0000
379.0 0.0000
380.0 0.0000
381.0 0.0000
382.0 0.0000
383.0 0.0000
384.0 0.0000
385.0 0.0000
386.0 0.0000
387.0 0.0093
388.0 0.0279
389.0 0.0464
390.0 0.0649
391.0 0.0835
392.0 0.1114
393.0 0.1485
394.0 0.1856
395.0 0.2228
396.0 0.2599
397.0 0.2970
398.0 0.3341
399.0 0.3713
400.0 0.4084
401.0 0.4455
402.0 0.4827
403.0 0.5197
404.0 0.5569
405.0 0.5941
406.0 0.6311
407.0 0.6683
408.0 0.7054
409.0 0.7425
410.0 0.7797
411.0 0.8168
412.0 0.8539
413.0 0.8771
414.0 0.8956
415.0 0.9142
416.0 0.9282
417.0 0.9282
418.0 0.9282
419.0 0.9282
420.0 0.9282
421.0 0.9282
422.0 0.9282
423.0 0.9282
424.0 0.9282
425.0 0.9282
426.0 0.9282
427.0 0.9282
428.0 0.9282
429.0 0.9282
430.0 0.9282
431.0 0.9282
432.0 0.9282
433.0 0.9282
434.0 0.9282
435.0 0.9282
436.0 0.9282
437.0 0.9282
438.0 0.9282
439.0 0.9282
440.0 0.9282
441.0 0.9282
442.0 0.9282
443.0 0.9282
444.0 0.9282
445.0 0.9282
446.0 0.9282
447.0 0.9282
448.0 0.9282
449.0 0.9282
450.0 0.9282
451.0 0.9282
452.0 0.9282
453.0 0.9282
454.0 0.9282
455.0 0.9282
456.0 0.9282
457.0 0.9282
458.0 0.9282
459.0 0.9282
460.0 0.9282
461.0 0.9282
462.0 0.9282
463.0 0.9282
464.0 0.9282
465.0 0.9282
466.0 0.9282
467.0 0.9282
468.0 0.9282
469.0 0.9282
470.0 0.9282
471.0 0.9282
472.0 0.9282
473.0 0.9282
474.0 0.9282
475.0 0.9282
476.0 0.9282
477.0 0.9282
478.0 0.9282
479.0 0.9282
480.0 0.9282
481.0 0.9282
482.0 0.9282
483.0 0.9282
484.0 0.9282
485.0 0.9282
486.0 0.9282
487.0 0.9282
488.0 0.9282
489.0 0.9282
490.0 0.9282
491.0 0.9282
492.0 0.9282
493.0 0.9282
494.0 0.9282
495.0 0.9282
496.0 0.9282
497.0 0.9282
498.0 0.9282
499.0 0.9282
500.0 0.9282
501.0 0.9282
502.0 0.9282
503.0 0.9282
504.0 0.9282
505.0 0.9282
506.0 0.9282
507.0 0.9282
508.0 0.9282
509.0 0.9282
510.0 0.9282
511.0 0.9282
512.0 0.9282
513.0 0.9282
514.0 0.9282
515.0 0.9282
516.0 0.9282
517.0 0.9282
518.0 0.9282
519.0 0.9282
520.0 0.9282
521.0 0.9282
522.0 0.9282
523.0 0.9282
524.0 0.9282
525.0 0.9282
526.0 0.9282
527.0 0.9282
528.0 0.9282
529.0 0.9282
530.0 0.9282
531.0 0.9282
532.0 0.9282
533.0 0.9282
534.0 0.9282
535.0 0.9282
536.0 0.9282
537.0 0.9282
538.0 0.9145
539.0 0.8963
540.0 0.8781
541.0 0.8599
542.0 0.8278
543.0 0.7911
544.0 0.7544
545.0 0.7176
546.0 0.6808
547.0 0.6441
548.0 0.6073
549.0 0.5705
550.0 0.5339
551.0 0.4971
552.0 0.4603
553.0 0.4235
554.0 0.3868
555.0 0.3501
556.0 0.3133
557.0 0.2766
558.0 0.2398
559.0 0.2030
560.0 0.1664
561.0 0.1296
562.0 0.0928
563.0 0.0742
564.0 0.0556
565.0 0.0372
566.0 0.0186
567.0 0.0000
568.0 0.0000
569.0 0.0000
570.0 0.0000
571.0 0.0000
572.0 0.0000
573.0 0.0000
574.0 0.0000
575.0 0.0000
576.0 0.0000
577.0 0.0000
578.0 0.0000
579.0 0.0000
580.0 0.0000
581.0 0.0000
582.0 0.0000
583.0 0.0000
584.0 0.0000
585.0 0.0000
586.0 0.0000
587.0 0.0000
588.0 0.0000
589.0 0.0000
590.0 0.0000
591.0 0.0000
592.0 0.0000
593.0 0.0000
594.0 0.0000
595.0 0.0000
596.0 0.0000
597.0 0.0000
598.0 0.0000
599.0 0.0000
600.0 0.0000
601.0 0.0000
602.0 0.0000
603.0 0.0000
604.0 0.0000
605.0 0.0000
606.0 0.0000
607.0 0.0000
608.0 0.0000
609.0 0.0000
610.0 0.0000
611.0 0.0000
612.0 0.0000
613.0 0.0000
614.0 0.0000
615.0 0.0000
616.0 0.0000
617.0 0.0000
618.0 0.0000
619.0 0.0000
620.0 0.0000
621.0 0.0000
622.0 0.0000
623.0 0.0000
624.0 0.0000
625.0 0.0000
626.0 0.0000
627.0 0.0000
628.0 0.0000
629.0 0.0000
630.0 0.0000
631.0 0.0000
632.0 0.0000
633.0 0.0000
634.0 0.0000
635.0 0.0000
636.0 0.0000
637.0 0.0000
638.0 0.0000
639.0 0.0000
640.0 0.0000
641.0 0.0000
642.0 0.0000
643.0 0.0000
644.0 0.0000
645.0 0.0000
646.0 0.0000
647.0 0.0000
648.0 0.0000
649.0 0.0000
650.0 0.0000
651.0 0.0000
652.0 0.0000
653.0 0.0000
654.0 0.0000
655.0 0.0000
656.0 0.0000
657.0 0.0000
658.0 0.0000
659.0 0.0000
660.0 0.0000
661.0 0.0000
662.0 0.0000
663.0 0.0000
664.0 0.0000
665.0 0.0000
666.0 0.0000
667.0 0.0000
668.0 0.0000
669.0 0.0000
670.0 0.0000
671.0 0.0000
672.0 0.0000
673.0 0.0000
674.0 0.0000
675.0 0.0000
676.0 0.0000
677.0 0.0000
678.0 0.0000
679.0 0.0000
680.0 0.0000
681.0 0.0000
682.0 0.0000
683.0 0.0000
684.0 0.0000
685.0 0.0000
686.0 0.0000
687.0 0.0000
688.0 0.0000
689.0 0.0000
690.0 0.0000
691.0 0.0000
692.0 0.0000
693.0 0.0000
694.0 0.0000
695.0 0.0000
696.0 0.0000
697.0 0.0000
698.0 0.0000
699.0 0.0000
700.0 0.0000
701.0 0.0000
702.0 0.0000
703.0 0.0000
704.0 0.0000
705.0 0.0000
706.0 0.0000
707.0 0.0000
708.0 0.0000
709.0 0.0000
710.0 0.0000
711.0 0.0000
712.0 0.0000
713.0 0.0000
714.0 0.0000
715.0 0.0000
716.0 0.0000
717.0 0.0000
718.0 0.0000
719.0 0.0000
720.0 0.0000
721.0 0.0000
722.0 0.0000
723.0 0.0000
724.0 0.0000
725.0 0.0000
726.0 0.0000
727.0 0.0000
728.0 0.0000
729.0 0.0000
730.0 0.0000
731.0 0.0000
732.0 0.0000
733.0 0.0000
734.0 0.0000
735.0 0.0000
736.0 0.0000
737.0 0.0000
738.0 0.0000
739.0 0.0000
740.0 0.0000
741.0 0.0000
742.0 0.0000
743.0 0.0000
744.0 0.0000
745.0 0.0000
746.0 0.0000
747.0 0.0000
748.0 0.0000
749.0 0.0000
750.0 0.0000
751.0 0.0000
752.0 0.0000
753.0 0.0000
754.0 0.0000
755.0 0.0000
756.0 0.0000
757.0 0.0000
758.0 0.0000
759.0 0.0000
760.0 0.0000
761.0 0.0000
762.0 0.0000
763.0 0.0000
764.0 0.0000
765.0 0.0000
766.0 0.0000
767.0 0.0000
768.0 0.0000
769.0 0.0000
770.0 0.0000
771.0 0.0000
772.0 0.0000
773.0 0.0000
774.0 0.0000
775.0 0.0000
776.0 0.0000
777.0 0.0000
778.0 0.0000
779.0 0.0000
780.0 0.0000
781.0 0.0000
782.0 0.0000
783.0 0.0000
784.0 0.0000
785.0 0.0000
786.0 0.0000
787.0 0.0000
788.0 0.0000
789.0 0.0000
790.0 0.0000
791.0 0.0000
792.0 0.0000
793.0 0.0000
794.0 0.0000
795.0 0.0000
796.0 0.0000
797.0 0.0000
798.0 0.0000
799.0 0.0000
800.0 0.0000
801.0 0.0000
802.0 0.0000
803.0 0.0000
804.0 0.0000
805.0 0.0000
806.0 0.0000
807.0 0.0000
808.0 0.0000
809.0 0.0000
810.0 0.0000
811.0 0.0000
812.0 0.0000
813.0 0.0000
814.0 0.0000
815.0 0.0000
816.0 0.0000
817.0 0.0000
818.0 0.0000
819.0 0.0000
820.0 0.0000
821.0 0.0000
822.0 0.0000
823.0 0.0000
824.0 0.0000
825.0 0.0000
826.0 0.0000
827.0 0.0000
828.0 0.0000
829.0 0.0000
830.0 0.0000
831.0 0.0000
832.0 0.0000
833.0 0.0000
834.0 0.0000
835.0 0.0000
836.0 0.0000
837.0 0.0000
838.0 0.0000
839.0 0.0000
840.0 0.0000
841.0 0.0000
842.0 0.0000
843.0 0.0000
844.0 0.0000
845.0 0.0000
846.0 0.0000
847.0 0.0000
848.0 0.0000
849.0 0.0000
850.0 0.0000
851.0 0.0000
852.0 0.0000
853.0 0.0000
854.0 0.0000
855.0 0.0000
856.0 0.0000
857.0 0.0000
858.0 0.0000
859.0 0.0000
860.0 0.0000
861.0 0.0000
862.0 0.0000
863.0 0.0000
864.0 0.0000
865.0 0.0000
866.0 0.0000
867.0 0.0000
868.0 0.0000
869.0 0.0000
870.0 0.0000
871.0 0.0000
872.0 0.0000
873.0 0.0000
874.0 0.0000
875.0 0.0000
876.0 0.0000
877.0 0.0000
878.0 0.0000
879.0 0.0000
880.0 0.0000
881.0 0.0000
882.0 0.0000
883.0 0.0000
884.0 0.0000
885.0 0.0000
886.0 0.0000
887.0 0.0000
888.0 0.0000
889.0 0.0000
890.0 0.0000
891.0 0.0000
892.0 0.0000
893.0 0.0000
894.0 0.0000
895.0 0.0000
896.0 0.0000
897.0 0.0000
898.0 0.0000
899.0 0.0000
900.0 0.0000
901.0 0.0000
902.0 0.0000
903.0 0.0000
904.0 0.0000
905.0 0.0000
906.0 0.0000
907.0 0.0000
908.0 0.0000
909.0 0.0000
910.0 0.0000
911.0 0.0000
912.0 0.0000
913.0 0.0000
914.0 0.0000
915.0 0.0000
916.0 0.0000
917.0 0.0000
918.0 0.0000
919.0 0.0000
920.0 0.0000
921.0 0.0000
922.0 0.0000
923.0 0.0000
924.0 0.0000
925.0 0.0000
926.0 0.0000
927.0 0.0000
928.0 0.0000
929.0 0.0000
930.0 0.0000
931.0 0.0000
932.0 0.0000
933.0 0.0000
934.0 0.0000
935.0 0.0000
936.0 0.0000
937.0 0.0000
938.0 0.0000
939.0 0.0000
940.0 0.0000
941.0 0.0000
942.0 0.0000
943.0 0.0000
944.0 0.0000
945.0 0.0000
946.0 0.0000
947.0 0.0000
948.0 0.0000
949.0 0.0000
950.0 0.0000
951.0 0.0000
952.0 0.0000
953.0 0.0000
954.0 0.0000
955.0 0.0000
956.0 0.0000
957.0 0.0000
958.0 0.0000
959.0 0.0000
960.0 0.0000
961.0 0.0000
962.0 0.0000
963.0 0.0000
964.0 0.0000
965.0 0.0000
966.0 0.0000
967.0 0.0000
968.0 0.0000
969.0 0.0000
970.0 0.0000
971.0 0.0000
972.0 0.0000
973.0 0.0000
974.0 0.0000
975.0 0.0000
976.0 0.0000
977.0 0.0000
978.0 0.0000
979.0 0.0000
980.0 0.0000
981.0 0.0000
982.0 0.0000
983.0 0.0000
984.0 0.0000
985.0 0.0000
986.0 0.0000
987.0 0.0000
988.0 0.0000
989.0 0.0000
990.0 0.0000
991.0 0.0000
992.0 0.0000
993.0 0.0000
994.0 0.0000
995.0 0.0000
996.0 0.0000
997.0 0.0000
998.0 0.0000
999.0 0.0000
1000.0 0.0000
1001.0 0.0000
1002.0 0.0000
1003.0 0.0000
1004.0 0.0000
1005.0 0.0000
1006.0 0.0000
1007.0 0.0000
1008.0 0.0000
1009.0 0.0000
1010.0 0.0000
1011.0 0.0000
1012.0 0.0000
1013.0 0.0000
1014.0 0.0000
1015.0 0.0000
1016.0 0.0000
1017.0 0.0000
1018.0 0.0000
1019.0 0.0000
1020.0 0.0000
1021.0 0.0000
1022.0 0.0000
1023.0 0.0000
1024.0 0.0000
1025.0 0.0000
1026.0 0.0000
1027.0 0.0000
1028.0 0.0000
1029.0 0.0000
1030.0 0.0000
1031.0 0.0000
1032.0 0.0000
1033.0 0.0000
1034.0 0.0000
1035.0 0.0000
1036.0 0.0000
1037.0 0.0000
1038.0 0.0000
1039.0 0.0000
1040.0 0.0000
1041.0 0.0000
1042.0 0.0000
1043.0 0.0000
1044.0 0.0000
1045.0 0.0000
1046.0 0.0000
1047.0 0.0000
1048.0 0.0000
1049.0 0.0000
1050.0 0.0000
1051.0 0.0000
1052.0 0.0000
1053.0 0.0000
1054.0 0.0000
1055.0 0.0000
1056.0 0.0000
1057.0 0.0000
1058.0 0.0000
1059.0 0.0000
1060.0 0.0000
1061.0 0.0000
1062.0 0.0000
1063.0 0.0000
1064.0 0.0000
1065.0 0.0000
1066.0 0.0000
1067.0 0.0000
1068.0 0.0000
1069.0 0.0000
1070.0 0.0000
1071.0 0.0000
1072.0 0.0000
1073.0 0.0000
1074.0 0.0000
1075.0 0.0000
1076.0 0.0000
1077.0 0.0000
1078.0 0.0000
1079.0 0.0000
1080.0 0.0000
1081.0 0.0000
1082.0 0.0000
1083.0 0.0000
1084.0 0.0000
1085.0 0.0000
1086.0 0.0000
1087.0 0.0000
1088.0 0.0000
1089.0 0.0000
1090.0 0.0000
1091.0 0.0000
1092.0 0.0000
1093.0 0.0000
1094.0 0.0000
1095.0 0.0000
1096.0 0.0000
1097.0 0.0000
1098.0 0.0000
1099.0 0.0000
1100.0 0.0000
