3.000000000000000000e+02 8.722344515040000301e-01
3.010000000000000000e+02 8.730541869279999645e-01
3.020000000000000000e+02 8.744222391299999453e-01
3.030000000000000000e+02 8.763394312000000186e-01
3.040000000000000000e+02 8.782604757180000332e-01
3.050000000000000000e+02 8.800014635999999779e-01
3.060000000000000000e+02 8.815610821959999344e-01
3.070000000000000000e+02 8.823899561799999347e-01
3.080000000000000000e+02 8.832193007040000099e-01
3.090000000000000000e+02 8.835900446100000138e-01
3.100000000000000000e+02 8.835928510680000070e-01
3.110000000000000000e+02 8.832276721499999761e-01
3.120000000000000000e+02 8.830468563839999341e-01
3.130000000000000000e+02 8.821289439539999888e-01
3.140000000000000000e+02 8.814863985199999918e-01
3.150000000000000000e+02 8.805691161599998873e-01
3.160000000000000000e+02 8.795590899299998711e-01
3.170000000000000000e+02 8.785491487359999851e-01
3.180000000000000000e+02 8.774492819679999833e-01
3.190000000000000000e+02 8.765324323439999121e-01
3.200000000000000000e+02 8.758001683199999610e-01
3.210000000000000000e+02 8.748847183880000822e-01
3.220000000000000000e+02 8.744268074080000508e-01
3.230000000000000000e+02 8.742429101299999950e-01
3.240000000000000000e+02 8.738763123220001372e-01
3.250000000000000000e+02 8.741497765000000308e-01
3.260000000000000000e+02 8.740573567199999561e-01
3.270000000000000000e+02 8.742401925599999624e-01
3.280000000000000000e+02 8.745153418469998607e-01
3.290000000000000000e+02 8.748803769870000524e-01
3.300000000000000000e+02 8.751556412100000015e-01
3.310000000000000000e+02 8.755226409160000722e-01
3.320000000000000000e+02 8.761636115249998857e-01
3.330000000000000000e+02 8.765300888959999259e-01
3.340000000000000000e+02 8.770804885440001142e-01
3.350000000000000000e+02 8.779061285999999464e-01
3.360000000000000000e+02 8.788237297900000078e-01
3.370000000000000000e+02 8.794655656049999992e-01
3.380000000000000000e+02 8.804765232640000550e-01
3.390000000000000000e+02 8.814882290389999264e-01
3.400000000000000000e+02 8.824073366999999335e-01
3.410000000000000000e+02 8.831440988930000513e-01
3.420000000000000000e+02 8.840645794710000338e-01
3.430000000000000000e+02 8.850780428219999774e-01
3.440000000000000000e+02 8.858162932200001061e-01
3.450000000000000000e+02 8.863707634560000770e-01
3.460000000000000000e+02 8.871089789099999567e-01
3.470000000000000000e+02 8.876637848320001467e-01
3.480000000000000000e+02 8.881262315640000571e-01
3.490000000000000000e+02 8.884041572999999969e-01
3.500000000000000000e+02 8.886814322399999577e-01
3.510000000000000000e+02 8.889587648660000063e-01
3.520000000000000000e+02 8.891440031999999771e-01
3.530000000000000000e+02 8.897917986800000234e-01
3.540000000000000000e+02 8.896998115199999946e-01
3.550000000000000000e+02 8.897924692799999979e-01
3.560000000000000000e+02 8.896995890639999294e-01
3.570000000000000000e+02 8.896076019269999469e-01
3.580000000000000000e+02 8.897002404359999339e-01
3.590000000000000000e+02 8.895147313140000511e-01
3.600000000000000000e+02 8.895144798680000298e-01
3.610000000000000000e+02 8.897006115600000209e-01
3.620000000000000000e+02 8.895151119499999925e-01
3.630000000000000000e+02 8.894222316000000017e-01
3.640000000000000000e+02 8.894222316000000017e-01
3.650000000000000000e+02 8.896077215399998961e-01
3.660000000000000000e+02 8.896077215399998961e-01
3.670000000000000000e+02 8.897923373689999860e-01
3.680000000000000000e+02 8.897923373689999860e-01
3.690000000000000000e+02 8.898858500799999849e-01
3.700000000000000000e+02 8.899778755039999822e-01
3.710000000000000000e+02 8.901634329809999802e-01
3.720000000000000000e+02 8.901634329809999802e-01
3.730000000000000000e+02 8.900705043419999685e-01
3.740000000000000000e+02 8.902554775919999663e-01
3.750000000000000000e+02 8.901640172999999434e-01
3.760000000000000000e+02 8.898858500799999849e-01
3.770000000000000000e+02 8.899778755039999822e-01
3.780000000000000000e+02 8.898864343379999653e-01
3.790000000000000000e+02 8.897009249039998791e-01
3.800000000000000000e+02 8.896089090879999439e-01
3.810000000000000000e+02 8.895160189440000087e-01
3.820000000000000000e+02 8.893314415440000120e-01
3.830000000000000000e+02 8.893311321999999297e-01
3.840000000000000000e+02 8.893320065280000408e-01
3.850000000000000000e+02 8.893311321999999297e-01
3.860000000000000000e+02 8.894245681440000606e-01
3.870000000000000000e+02 8.894245681440000606e-01
3.880000000000000000e+02 8.897020549899999908e-01
3.890000000000000000e+02 8.897946358489999819e-01
3.900000000000000000e+02 8.898872167080000839e-01
3.910000000000000000e+02 8.899795995439999663e-01
3.920000000000000000e+02 8.898883911539999803e-01
3.930000000000000000e+02 8.899801359120000921e-01
3.940000000000000000e+02 8.900730551159999893e-01
3.950000000000000000e+02 8.900730551159999893e-01
3.960000000000000000e+02 8.899809817680000013e-01
3.970000000000000000e+02 8.898880721760000778e-01
3.980000000000000000e+02 8.899809817680000013e-01
3.990000000000000000e+02 8.898880721760000778e-01
4.000000000000000000e+02 8.897960084400000635e-01
4.010000000000000000e+02 8.897954912279999462e-01
4.020000000000000000e+02 8.897034370699999917e-01
4.030000000000000000e+02 8.895185022079999948e-01
4.040000000000000000e+02 8.896105467550000645e-01
4.050000000000000000e+02 8.893333979520000598e-01
4.060000000000000000e+02 8.891476752000000428e-01
4.070000000000000000e+02 8.890551423999999425e-01
4.080000000000000000e+02 8.889631458000000208e-01
4.090000000000000000e+02 8.888706225750000467e-01
4.100000000000000000e+02 8.888706225750000467e-01
4.110000000000000000e+02 8.886852765720000269e-01
4.120000000000000000e+02 8.886852765720000269e-01
4.130000000000000000e+02 8.885927630100001196e-01
4.140000000000000000e+02 8.885927630100001196e-01
4.150000000000000000e+02 8.885008047400000386e-01
4.160000000000000000e+02 8.883163520560000137e-01
4.170000000000000000e+02 8.883163520560000137e-01
4.180000000000000000e+02 8.882238576420000697e-01
4.190000000000000000e+02 8.882238576420000697e-01
4.200000000000000000e+02 8.879463885600000772e-01
4.210000000000000000e+02 8.878539230400001037e-01
4.220000000000000000e+02 8.878539230400001037e-01
4.230000000000000000e+02 8.875776559759999129e-01
4.240000000000000000e+02 8.874849295179999542e-01
4.250000000000000000e+02 8.873922030599998845e-01
4.260000000000000000e+02 8.873922030599998845e-01
4.270000000000000000e+02 8.871151967999998389e-01
4.280000000000000000e+02 8.870233343999999187e-01
4.290000000000000000e+02 8.868382481919999671e-01
4.300000000000000000e+02 8.867455602479998866e-01
4.310000000000000000e+02 8.864700593489999170e-01
4.320000000000000000e+02 8.861927190060000514e-01
4.330000000000000000e+02 8.861000791650001096e-01
4.340000000000000000e+02 8.859151180320000707e-01
4.350000000000000000e+02 8.854543697220000897e-01
4.360000000000000000e+02 8.854543697220000897e-01
4.370000000000000000e+02 8.853617780280000904e-01
4.380000000000000000e+02 8.850851944499998902e-01
4.390000000000000000e+02 8.849929307999999661e-01
4.400000000000000000e+02 8.849929307999999661e-01
4.410000000000000000e+02 8.848081139999999234e-01
4.420000000000000000e+02 8.845324991999999886e-01
4.430000000000000000e+02 8.844399748799999239e-01
4.440000000000000000e+02 8.842560883969999841e-01
4.450000000000000000e+02 8.838872493359999361e-01
4.460000000000000000e+02 8.837950625140000849e-01
4.470000000000000000e+02 8.837034395550000809e-01
4.480000000000000000e+02 8.835188053200000446e-01
4.490000000000000000e+02 8.835188053200000446e-01
4.500000000000000000e+02 8.832426057000001274e-01
4.510000000000000000e+02 8.830585928700001030e-01
4.520000000000000000e+02 8.827827784439999936e-01
4.530000000000000000e+02 8.827827784439999936e-01
4.540000000000000000e+02 8.824143522239999982e-01
4.550000000000000000e+02 8.823219721619999234e-01
4.560000000000000000e+02 8.821383828399999016e-01
4.570000000000000000e+02 8.818616087999998632e-01
4.580000000000000000e+02 8.816777877599999425e-01
4.590000000000000000e+02 8.814937214159999090e-01
4.600000000000000000e+02 8.812179439219999244e-01
4.610000000000000000e+02 8.811265123029999868e-01
4.620000000000000000e+02 8.808508114559999713e-01
4.630000000000000000e+02 8.807585371199999624e-01
4.640000000000000000e+02 8.805742968000001003e-01
4.650000000000000000e+02 8.804829130000000337e-01
4.660000000000000000e+02 8.802987110700001283e-01
4.670000000000000000e+02 8.802987110700001283e-01
4.680000000000000000e+02 8.802987110700001283e-01
4.690000000000000000e+02 8.802987110700001283e-01
4.700000000000000000e+02 8.800231828440001625e-01
4.710000000000000000e+02 8.799312552160001299e-01
4.720000000000000000e+02 8.798399191920001083e-01
4.730000000000000000e+02 8.798399191920001083e-01
4.740000000000000000e+02 8.798399191920001083e-01
4.750000000000000000e+02 8.798399191920001083e-01
4.760000000000000000e+02 8.799312552160001299e-01
4.770000000000000000e+02 8.799312552160001299e-01
4.780000000000000000e+02 8.798399191920001083e-01
4.790000000000000000e+02 8.796563856639999512e-01
4.800000000000000000e+02 8.796563856639999512e-01
4.810000000000000000e+02 8.795644867519998300e-01
4.820000000000000000e+02 8.794722988799998920e-01
4.830000000000000000e+02 8.792891117999999118e-01
4.840000000000000000e+02 8.791056548999999221e-01
4.850000000000000000e+02 8.790134957999998777e-01
4.860000000000000000e+02 8.788297939199999353e-01
4.870000000000000000e+02 8.786472747519998849e-01
4.880000000000000000e+02 8.784630333439999994e-01
4.890000000000000000e+02 8.783712207359999358e-01
4.900000000000000000e+02 8.780960948700000657e-01
4.910000000000000000e+02 8.780960948700000657e-01
4.920000000000000000e+02 8.780960948700000657e-01
4.930000000000000000e+02 8.779122191699999522e-01
4.940000000000000000e+02 8.777292521760000632e-01
4.950000000000000000e+02 8.777292521760000632e-01
4.960000000000000000e+02 8.777292521760000632e-01
4.970000000000000000e+02 8.777292521760000632e-01
4.980000000000000000e+02 8.776365885330000838e-01
4.990000000000000000e+02 8.774533710160000721e-01
5.000000000000000000e+02 8.773616159840000872e-01
5.010000000000000000e+02 8.774536597959999851e-01
5.020000000000000000e+02 8.773616159840000872e-01
5.030000000000000000e+02 8.773609964039998932e-01
5.040000000000000000e+02 8.773616159840000872e-01
5.050000000000000000e+02 8.774536597959999851e-01
5.060000000000000000e+02 8.771781059200000064e-01
5.070000000000000000e+02 8.770869800000000716e-01
5.080000000000000000e+02 8.769949649999999597e-01
5.090000000000000000e+02 8.769949649999999597e-01
5.100000000000000000e+02 8.769038486400000387e-01
5.110000000000000000e+02 8.768121222959999184e-01
5.120000000000000000e+02 8.768121222959999184e-01
5.130000000000000000e+02 8.766290292099999659e-01
5.140000000000000000e+02 8.766290292099999659e-01
5.150000000000000000e+02 8.766290292099999659e-01
5.160000000000000000e+02 8.766296295999999044e-01
5.170000000000000000e+02 8.764459552419999744e-01
5.180000000000000000e+02 8.763539785439999896e-01
5.190000000000000000e+02 8.761709332529998839e-01
5.200000000000000000e+02 8.760798646599999850e-01
5.210000000000000000e+02 8.760798646599999850e-01
5.220000000000000000e+02 8.762634815999998938e-01
5.230000000000000000e+02 8.760804362799999856e-01
5.240000000000000000e+02 8.760804362799999856e-01
5.250000000000000000e+02 8.760804362799999856e-01
5.260000000000000000e+02 8.757138505500000614e-01
5.270000000000000000e+02 8.757144030000000301e-01
5.280000000000000000e+02 8.757144030000000301e-01
5.290000000000000000e+02 8.757144030000000301e-01
5.300000000000000000e+02 8.755308721719999854e-01
5.310000000000000000e+02 8.755308721719999854e-01
5.320000000000000000e+02 8.753487923399999593e-01
5.330000000000000000e+02 8.751653189100000452e-01
5.340000000000000000e+02 8.750734187400001085e-01
5.350000000000000000e+02 8.750734187400001085e-01
5.360000000000000000e+02 8.749818647100000568e-01
5.370000000000000000e+02 8.747074470639999433e-01
5.380000000000000000e+02 8.747074470639999433e-01
5.390000000000000000e+02 8.746159121700000094e-01
5.400000000000000000e+02 8.744325251200000260e-01
5.410000000000000000e+02 8.743415710400000984e-01
5.420000000000000000e+02 8.741582222910000421e-01
5.430000000000000000e+02 8.741582222910000421e-01
5.440000000000000000e+02 8.740667161439999999e-01
5.450000000000000000e+02 8.737924898159999954e-01
5.460000000000000000e+02 8.738833962339999095e-01
5.470000000000000000e+02 8.737000955500000554e-01
5.480000000000000000e+02 8.737000955500000554e-01
5.490000000000000000e+02 8.735177307960000359e-01
5.500000000000000000e+02 8.733344780160000598e-01
5.510000000000000000e+02 8.733344780160000598e-01
5.520000000000000000e+02 8.733344780160000598e-01
5.530000000000000000e+02 8.732430102240000824e-01
5.540000000000000000e+02 8.732430102240000824e-01
5.550000000000000000e+02 8.733347759880000227e-01
5.560000000000000000e+02 8.733347759880000227e-01
5.570000000000000000e+02 8.733347759880000227e-01
5.580000000000000000e+02 8.734262533919999738e-01
5.590000000000000000e+02 8.733353850759999482e-01
5.600000000000000000e+02 8.733353850759999482e-01
5.610000000000000000e+02 8.732436192479999804e-01
5.620000000000000000e+02 8.731527604800000120e-01
5.630000000000000000e+02 8.731527604800000120e-01
5.640000000000000000e+02 8.730610041999999904e-01
5.650000000000000000e+02 8.730610041999999904e-01
5.660000000000000000e+02 8.730610041999999904e-01
5.670000000000000000e+02 8.730610041999999904e-01
5.680000000000000000e+02 8.729695650500000070e-01
5.690000000000000000e+02 8.728787253449999950e-01
5.700000000000000000e+02 8.728787253449999950e-01
5.710000000000000000e+02 8.728787253449999950e-01
5.720000000000000000e+02 8.727869882220000708e-01
5.730000000000000000e+02 8.727869882220000708e-01
5.740000000000000000e+02 8.726961580640000271e-01
5.750000000000000000e+02 8.726047475520000152e-01
5.760000000000000000e+02 8.724222184859999896e-01
5.770000000000000000e+02 8.724222184859999896e-01
5.780000000000000000e+02 8.723305100640000864e-01
5.790000000000000000e+02 8.725136098770001070e-01
5.800000000000000000e+02 8.726044304880000713e-01
5.810000000000000000e+02 8.725130295840000105e-01
5.820000000000000000e+02 8.725130295840000105e-01
5.830000000000000000e+02 8.726047475520000152e-01
5.840000000000000000e+02 8.726047475520000152e-01
5.850000000000000000e+02 8.726047475520000152e-01
5.860000000000000000e+02 8.726961580640000271e-01
5.870000000000000000e+02 8.726961580640000271e-01
5.880000000000000000e+02 8.726961580640000271e-01
5.890000000000000000e+02 8.728787253449999950e-01
5.900000000000000000e+02 8.728787253449999950e-01
5.910000000000000000e+02 8.727872957100000217e-01
5.920000000000000000e+02 8.728790232240000169e-01
5.930000000000000000e+02 8.728790232240000169e-01
5.940000000000000000e+02 8.728790232240000169e-01
5.950000000000000000e+02 8.730613117200000106e-01
5.960000000000000000e+02 8.729698629600000093e-01
5.970000000000000000e+02 8.730613117200000106e-01
5.980000000000000000e+02 8.729698629600000093e-01
5.990000000000000000e+02 8.728781258999999126e-01
6.000000000000000000e+02 8.728781258999999126e-01
6.010000000000000000e+02 8.728781258999999126e-01
6.020000000000000000e+02 8.726041481700000935e-01
6.030000000000000000e+02 8.726041481700000935e-01
6.040000000000000000e+02 8.726041481700000935e-01
6.050000000000000000e+02 8.726041481700000935e-01
6.060000000000000000e+02 8.725127281440000493e-01
6.070000000000000000e+02 8.722388268720000504e-01
6.080000000000000000e+02 8.721471377280000103e-01
6.090000000000000000e+02 8.721471377280000103e-01
6.100000000000000000e+02 8.721471377280000103e-01
6.110000000000000000e+02 8.720563647120000983e-01
6.120000000000000000e+02 8.717825589719999657e-01
6.130000000000000000e+02 8.717825589719999657e-01
6.140000000000000000e+02 8.716908985200000348e-01
6.150000000000000000e+02 8.716001541000000241e-01
6.160000000000000000e+02 8.716001541000000241e-01
6.170000000000000000e+02 8.715094096800000134e-01
6.180000000000000000e+02 8.714177683120000184e-01
6.190000000000000000e+02 8.715090927480000360e-01
6.200000000000000000e+02 8.715090927480000360e-01
6.210000000000000000e+02 8.714183483610000724e-01
6.220000000000000000e+02 8.715096632880000582e-01
6.230000000000000000e+02 8.715102148100000168e-01
6.240000000000000000e+02 8.711448916079999050e-01
6.250000000000000000e+02 8.711448916079999050e-01
6.260000000000000000e+02 8.712365235519999862e-01
6.270000000000000000e+02 8.711448916079999050e-01
6.280000000000000000e+02 8.708712767999999826e-01
6.290000000000000000e+02 8.706889577849999950e-01
6.300000000000000000e+02 8.706889577849999950e-01
6.310000000000000000e+02 8.703243770130001389e-01
6.320000000000000000e+02 8.702331767220000680e-01
6.330000000000000000e+02 8.702331767220000680e-01
6.340000000000000000e+02 8.699602659800000914e-01
6.350000000000000000e+02 8.697775483949998776e-01
6.360000000000000000e+02 8.695042199999999388e-01
6.370000000000000000e+02 8.695042199999999388e-01
6.380000000000000000e+02 8.690484369600000036e-01
6.390000000000000000e+02 8.689573417360000329e-01
6.400000000000000000e+02 8.687752613039998462e-01
6.410000000000000000e+02 8.685021428999999404e-01
6.420000000000000000e+02 8.683201197079999378e-01
6.430000000000000000e+02 8.678646466560000494e-01
6.440000000000000000e+02 8.677736373600000164e-01
6.450000000000000000e+02 8.675917190950001023e-01
6.460000000000000000e+02 8.674107257250001091e-01
6.470000000000000000e+02 8.669551457280000317e-01
6.480000000000000000e+02 8.669551457280000317e-01
6.490000000000000000e+02 8.665914949720000537e-01
6.500000000000000000e+02 8.665914949720000537e-01
6.510000000000000000e+02 8.661375716000000446e-01
6.520000000000000000e+02 8.658645415999999262e-01
6.530000000000000000e+02 8.656833118439999364e-01
6.540000000000000000e+02 8.653191325219999896e-01
6.550000000000000000e+02 8.650476535680000634e-01
6.560000000000000000e+02 8.649564134399999604e-01
6.570000000000000000e+02 8.647748574000000410e-01
6.580000000000000000e+02 8.644118356720000840e-01
6.590000000000000000e+02 8.643215482440000930e-01
6.600000000000000000e+02 8.638674865280000503e-01
6.610000000000000000e+02 8.636860829000000406e-01
6.620000000000000000e+02 8.633238112379999496e-01
6.630000000000000000e+02 8.629607301120000296e-01
6.640000000000000000e+02 8.626888316970000581e-01
6.650000000000000000e+02 8.625075804199998641e-01
6.660000000000000000e+02 8.624174165499999267e-01
6.670000000000000000e+02 8.619640310880000156e-01
6.680000000000000000e+02 8.617837793039999639e-01
6.690000000000000000e+02 8.616017379479999905e-01
6.700000000000000000e+02 8.612400371999999749e-01
6.710000000000000000e+02 8.610589667679999781e-01
6.720000000000000000e+02 8.610589667679999781e-01
6.730000000000000000e+02 8.606974086469999508e-01
6.740000000000000000e+02 8.604250819320000687e-01
6.750000000000000000e+02 8.601540947999999354e-01
6.760000000000000000e+02 8.600640734400000209e-01
6.770000000000000000e+02 8.597927839050000243e-01
6.780000000000000000e+02 8.596118942400000629e-01
6.790000000000000000e+02 8.593406997979998740e-01
6.800000000000000000e+02 8.591598671999999270e-01
6.810000000000000000e+02 8.588887678350000110e-01
6.820000000000000000e+02 8.587988224200000520e-01
6.830000000000000000e+02 8.585277990560000738e-01
6.840000000000000000e+02 8.582568327180000178e-01
6.850000000000000000e+02 8.580761427400001029e-01
6.860000000000000000e+02 8.578951504500000880e-01
6.870000000000000000e+02 8.575344571499999846e-01
6.880000000000000000e+02 8.572636998639999728e-01
6.890000000000000000e+02 8.570828217120000092e-01
6.900000000000000000e+02 8.568124806599999310e-01
6.910000000000000000e+02 8.567223562800000414e-01
6.920000000000000000e+02 8.564517699699999431e-01
6.930000000000000000e+02 8.561812406400000075e-01
6.940000000000000000e+02 8.560905914879999301e-01
6.950000000000000000e+02 8.558207008560000384e-01
6.960000000000000000e+02 8.558207008560000384e-01
6.970000000000000000e+02 8.556394597080000386e-01
6.980000000000000000e+02 8.556400223910000102e-01
6.990000000000000000e+02 8.554605865050000091e-01
7.000000000000000000e+02 8.552799649999999199e-01
7.010000000000000000e+02 8.553696639999999185e-01
7.020000000000000000e+02 8.551895861759999384e-01
7.030000000000000000e+02 8.553707320319999807e-01
7.040000000000000000e+02 8.553698487179999255e-01
7.050000000000000000e+02 8.553698487179999255e-01
7.060000000000000000e+02 8.554604311440000552e-01
7.070000000000000000e+02 8.554604311440000552e-01
7.080000000000000000e+02 8.554605493600000443e-01
7.090000000000000000e+02 8.554605493600000443e-01
7.100000000000000000e+02 8.555511222080000033e-01
7.110000000000000000e+02 8.554601432249999693e-01
7.120000000000000000e+02 8.555507160299999914e-01
7.130000000000000000e+02 8.554601761199999155e-01
7.140000000000000000e+02 8.553700612800000380e-01
7.150000000000000000e+02 8.552795076000000440e-01
7.160000000000000000e+02 8.553695984260000218e-01
7.170000000000000000e+02 8.551893498539998584e-01
7.180000000000000000e+02 8.550988153049998708e-01
7.190000000000000000e+02 8.550983147199999745e-01
7.200000000000000000e+02 8.548284710700000399e-01
7.210000000000000000e+02 8.548279421500000197e-01
7.220000000000000000e+02 8.550080433300001337e-01
7.230000000000000000e+02 8.549179001520000876e-01
7.240000000000000000e+02 8.548268276400000643e-01
7.250000000000000000e+02 8.550078391440000258e-01
7.260000000000000000e+02 8.552775356639999993e-01
7.270000000000000000e+02 8.551864063380000269e-01
7.280000000000000000e+02 8.554570510640000514e-01
7.290000000000000000e+02 8.556371900999999447e-01
7.300000000000000000e+02 8.560878011160000245e-01
7.310000000000000000e+02 8.561774344320001173e-01
7.320000000000000000e+02 8.564482499460001064e-01
7.330000000000000000e+02 8.568991267200000150e-01
7.340000000000000000e+02 8.570791689600000263e-01
7.350000000000000000e+02 8.574408035549999640e-01
7.360000000000000000e+02 8.577106593659998834e-01
7.370000000000000000e+02 8.580715068060000839e-01
7.380000000000000000e+02 8.584329102719999716e-01
7.390000000000000000e+02 8.587041532160000212e-01
7.400000000000000000e+02 8.590650275250000245e-01
7.410000000000000000e+02 8.594269457799998957e-01
7.420000000000000000e+02 8.596981587959999782e-01
7.430000000000000000e+02 8.598778803719999697e-01
7.440000000000000000e+02 8.599684796640000295e-01
7.450000000000000000e+02 8.600593086119999731e-01
7.460000000000000000e+02 8.604205534100000108e-01
7.470000000000000000e+02 8.605114109129999855e-01
7.480000000000000000e+02 8.606921861120000461e-01
7.490000000000000000e+02 8.608727792640000764e-01
7.500000000000000000e+02 8.610533913600000311e-01
7.510000000000000000e+02 8.613261067499999868e-01
7.520000000000000000e+02 8.615067950000000474e-01
7.530000000000000000e+02 8.615967696000000897e-01
7.540000000000000000e+02 8.619601404959998936e-01
7.550000000000000000e+02 8.620501530419999447e-01
7.560000000000000000e+02 8.621409142709999252e-01
7.570000000000000000e+02 8.624136384999998572e-01
7.580000000000000000e+02 8.626854794399998472e-01
7.590000000000000000e+02 8.627762788799999694e-01
7.600000000000000000e+02 8.629573774980000556e-01
7.610000000000000000e+02 8.630481959970001116e-01
7.620000000000000000e+02 8.630479756799999125e-01
7.630000000000000000e+02 8.633199498999999388e-01
7.640000000000000000e+02 8.634107778799999799e-01
7.650000000000000000e+02 8.635018453600000754e-01
7.660000000000000000e+02 8.637736753360000241e-01
7.670000000000000000e+02 8.639556281069998844e-01
7.680000000000000000e+02 8.639556281069998844e-01
7.690000000000000000e+02 8.641366680600000016e-01
7.700000000000000000e+02 8.640471485399998652e-01
7.710000000000000000e+02 8.640471485399998652e-01
7.720000000000000000e+02 8.643193324479999662e-01
7.730000000000000000e+02 8.642281979760000343e-01
7.740000000000000000e+02 8.642288428200000094e-01
7.750000000000000000e+02 8.645010648559999789e-01
7.760000000000000000e+02 8.644108340799999679e-01
7.770000000000000000e+02 8.644105370999999316e-01
7.780000000000000000e+02 8.644105370999999316e-01
7.790000000000000000e+02 8.645013842400000037e-01
7.800000000000000000e+02 8.644111440120000323e-01
7.810000000000000000e+02 8.644117319580000292e-01
7.820000000000000000e+02 8.644108183260000855e-01
7.830000000000000000e+02 8.641386152880000671e-01
7.840000000000000000e+02 8.640483940920000716e-01
7.850000000000000000e+02 8.640483940920000716e-01
7.860000000000000000e+02 8.638661246279999428e-01
7.870000000000000000e+02 8.637764817249999894e-01
7.880000000000000000e+02 8.636857203000000149e-01
7.890000000000000000e+02 8.635044119520000061e-01
7.900000000000000000e+02 8.633231226359999733e-01
7.910000000000000000e+02 8.633231226359999733e-01
7.920000000000000000e+02 8.631413122200001231e-01
7.930000000000000000e+02 8.630502251250000700e-01
7.940000000000000000e+02 8.628699158749999487e-01
7.950000000000000000e+02 8.628699158749999487e-01
7.960000000000000000e+02 8.626881721560000216e-01
7.970000000000000000e+02 8.625069875399999919e-01
7.980000000000000000e+02 8.624168614180000025e-01
7.990000000000000000e+02 8.623258219520000267e-01
8.000000000000000000e+02 8.622351843840000418e-01
8.010000000000000000e+02 8.621445468160000569e-01
8.020000000000000000e+02 8.619634383360000873e-01
8.030000000000000000e+02 8.618733501840001310e-01
8.040000000000000000e+02 8.616917493899999281e-01
8.050000000000000000e+02 8.616917493899999281e-01
8.060000000000000000e+02 8.616917493899999281e-01
8.070000000000000000e+02 8.616016802199998326e-01
8.080000000000000000e+02 8.616016802199998326e-01
8.090000000000000000e+02 8.614201175399999189e-01
8.100000000000000000e+02 8.613295370859999078e-01
8.110000000000000000e+02 8.612385739919999894e-01
8.120000000000000000e+02 8.611485427799999703e-01
8.130000000000000000e+02 8.611485427799999703e-01
8.140000000000000000e+02 8.611485427799999703e-01
8.150000000000000000e+02 8.611485427799999703e-01
8.160000000000000000e+02 8.610579813599998911e-01
8.170000000000000000e+02 8.608774076640000050e-01
8.180000000000000000e+02 8.608774076640000050e-01
8.190000000000000000e+02 8.608774076640000050e-01
8.200000000000000000e+02 8.608774076640000050e-01
8.210000000000000000e+02 8.608774076640000050e-01
8.220000000000000000e+02 8.608774076640000050e-01
8.230000000000000000e+02 8.608777710959999441e-01
8.240000000000000000e+02 8.608777710959999441e-01
8.250000000000000000e+02 8.608777710959999441e-01
8.260000000000000000e+02 8.608777710959999441e-01
8.270000000000000000e+02 8.608777710959999441e-01
8.280000000000000000e+02 8.608777710959999441e-01
8.290000000000000000e+02 8.608777710959999441e-01
8.300000000000000000e+02 8.608772124250000379e-01
8.310000000000000000e+02 8.607862970999999863e-01
8.320000000000000000e+02 8.606057518080000301e-01
8.330000000000000000e+02 8.606957356800000181e-01
8.340000000000000000e+02 8.605151998560000015e-01
8.350000000000000000e+02 8.604243131640000319e-01
8.360000000000000000e+02 8.601529477160001491e-01
8.370000000000000000e+02 8.601529477160001491e-01
8.380000000000000000e+02 8.598816393299999472e-01
8.390000000000000000e+02 8.598816393299999472e-01
8.400000000000000000e+02 8.597002960000000860e-01
8.410000000000000000e+02 8.596103879999998920e-01
8.420000000000000000e+02 8.594290827570000291e-01
8.430000000000000000e+02 8.593391937200000052e-01
8.440000000000000000e+02 8.592483832799999721e-01
8.450000000000000000e+02 8.589772651020000094e-01
8.460000000000000000e+02 8.589772651020000094e-01
8.470000000000000000e+02 8.589772651020000094e-01
8.480000000000000000e+02 8.587062039599999697e-01
8.490000000000000000e+02 8.587062039599999697e-01
8.500000000000000000e+02 8.587062039599999697e-01
8.510000000000000000e+02 8.587969762860000467e-01
8.520000000000000000e+02 8.587969762860000467e-01
8.530000000000000000e+02 8.587969762860000467e-01
8.540000000000000000e+02 8.587966226399998959e-01
8.550000000000000000e+02 8.587966226399998959e-01
8.560000000000000000e+02 8.587966226399998959e-01
8.570000000000000000e+02 8.587067715599999707e-01
8.580000000000000000e+02 8.587975439460000526e-01
8.590000000000000000e+02 8.588879627230000535e-01
8.600000000000000000e+02 8.588879627230000535e-01
8.610000000000000000e+02 8.589783815000000544e-01
8.620000000000000000e+02 8.589783815000000544e-01
8.630000000000000000e+02 8.587076833680000743e-01
8.640000000000000000e+02 8.586169204799999344e-01
8.650000000000000000e+02 8.585261575920000165e-01
8.660000000000000000e+02 8.581653688039999617e-01
8.670000000000000000e+02 8.579842822880000552e-01
8.680000000000000000e+02 8.577134301600000121e-01
8.690000000000000000e+02 8.572621920759999625e-01
8.700000000000000000e+02 8.569914919500000172e-01
8.710000000000000000e+02 8.565405008160000833e-01
8.720000000000000000e+02 8.561797334999999842e-01
8.730000000000000000e+02 8.559092613059998689e-01
8.740000000000000000e+02 8.557284887039999788e-01
8.750000000000000000e+02 8.554581115049999518e-01
8.760000000000000000e+02 8.552779438880000473e-01
8.770000000000000000e+02 8.551877912640000190e-01
8.780000000000000000e+02 8.553684878159999450e-01
8.790000000000000000e+02 8.555492034559999404e-01
8.800000000000000000e+02 8.556384547349999981e-01
8.810000000000000000e+02 8.556384547349999981e-01
8.820000000000000000e+02 8.557290272399999953e-01
8.830000000000000000e+02 8.558186793119999525e-01
8.840000000000000000e+02 8.559088699199999262e-01
8.850000000000000000e+02 8.559088699199999262e-01
8.860000000000000000e+02 8.562699526499999436e-01
8.870000000000000000e+02 8.565405008160000833e-01
8.880000000000000000e+02 8.569920213180000079e-01
8.890000000000000000e+02 8.571729557699999669e-01
8.900000000000000000e+02 8.576237833849998937e-01
8.910000000000000000e+02 8.578950082080000206e-01
8.920000000000000000e+02 8.582562507259999807e-01
8.930000000000000000e+02 8.585272169999998981e-01
8.940000000000000000e+02 8.585272169999998981e-01
8.950000000000000000e+02 8.584368457140000297e-01
8.960000000000000000e+02 8.585275991599998768e-01
8.970000000000000000e+02 8.585275991599998768e-01
8.980000000000000000e+02 8.584368457140000297e-01
8.990000000000000000e+02 8.582566328459999561e-01
9.000000000000000000e+02 8.580751640579999950e-01
9.010000000000000000e+02 8.577143416800000475e-01
9.020000000000000000e+02 8.577143416800000475e-01
9.030000000000000000e+02 8.575333217280000087e-01
9.040000000000000000e+02 8.574435464639998949e-01
9.050000000000000000e+02 8.575333217280000087e-01
9.060000000000000000e+02 8.575327638240000105e-01
9.070000000000000000e+02 8.574424306560001208e-01
9.080000000000000000e+02 8.572614299650000991e-01
9.090000000000000000e+02 8.569907299200000272e-01
9.100000000000000000e+02 8.568107163060000309e-01
9.110000000000000000e+02 8.564498350499999413e-01
9.120000000000000000e+02 8.561793059279999563e-01
9.130000000000000000e+02 8.559975374999999609e-01
9.140000000000000000e+02 8.557271034839999402e-01
9.150000000000000000e+02 8.554570510640000514e-01
9.160000000000000000e+02 8.553668320119999224e-01
9.170000000000000000e+02 8.553668320119999224e-01
9.180000000000000000e+02 8.551860979199999990e-01
9.190000000000000000e+02 8.549151829679999537e-01
9.200000000000000000e+02 8.547354537929999774e-01
9.210000000000000000e+02 8.542846657500000607e-01
9.220000000000000000e+02 8.536541659040001173e-01
9.230000000000000000e+02 8.528438359219999709e-01
9.240000000000000000e+02 8.516751079200000074e-01
9.250000000000000000e+02 8.505966495150000251e-01
9.260000000000000000e+02 8.490708232499999397e-01
9.270000000000000000e+02 8.474570998499999508e-01
9.280000000000000000e+02 8.456656840799999797e-01
9.290000000000000000e+02 8.434310180310000682e-01
9.300000000000000000e+02 8.413778091180000862e-01
9.310000000000000000e+02 8.391506370000000326e-01
9.320000000000000000e+02 8.368389625680000554e-01
9.330000000000000000e+02 8.346184152660000022e-01
9.340000000000000000e+02 8.323150436159999499e-01
9.350000000000000000e+02 8.303688000000000180e-01
9.360000000000000000e+02 8.284253295459999000e-01
9.370000000000000000e+02 8.265731760000000206e-01
9.380000000000000000e+02 8.253390587400000200e-01
9.390000000000000000e+02 8.241071045250000227e-01
9.400000000000000000e+02 8.230527355050000216e-01
9.410000000000000000e+02 8.227012284800000463e-01
9.420000000000000000e+02 8.225246831519998914e-01
9.430000000000000000e+02 8.226129558160000244e-01
9.440000000000000000e+02 8.231400575999999747e-01
9.450000000000000000e+02 8.238434279040000030e-01
9.460000000000000000e+02 8.249859249030000452e-01
9.470000000000000000e+02 8.263944079560000544e-01
9.480000000000000000e+02 8.278943058780000586e-01
9.490000000000000000e+02 8.294835530519999445e-01
9.500000000000000000e+02 8.315152739649999125e-01
9.510000000000000000e+02 8.331091386640000485e-01
9.520000000000000000e+02 8.350599283000000872e-01
9.530000000000000000e+02 8.370126152309999013e-01
9.540000000000000000e+02 8.387919956199999527e-01
9.550000000000000000e+02 8.407515746160000303e-01
9.560000000000000000e+02 8.422675115399999024e-01
9.570000000000000000e+02 8.437843878749999860e-01
9.580000000000000000e+02 8.453048286960000990e-01
9.590000000000000000e+02 8.465577113839999335e-01
9.600000000000000000e+02 8.477218328400000225e-01
9.610000000000000000e+02 8.488880536500000851e-01
9.620000000000000000e+02 8.497853248499999124e-01
9.630000000000000000e+02 8.507730023999999780e-01
9.640000000000000000e+02 8.516713810949999575e-01
9.650000000000000000e+02 8.523912075549999745e-01
9.660000000000000000e+02 8.531102099520000426e-01
9.670000000000000000e+02 8.537412170520000121e-01
9.680000000000000000e+02 8.543715246199999891e-01
9.690000000000000000e+02 8.549118791680000440e-01
9.700000000000000000e+02 8.552724176040000792e-01
9.710000000000000000e+02 8.559044512200000288e-01
9.720000000000000000e+02 8.563548607590000250e-01
9.730000000000000000e+02 8.567167652350000662e-01
9.740000000000000000e+02 8.570777883840000611e-01
9.750000000000000000e+02 8.575288643199999727e-01
9.760000000000000000e+02 8.578908154799999020e-01
9.770000000000000000e+02 8.580716715599998601e-01
9.780000000000000000e+02 8.583425993999999060e-01
9.790000000000000000e+02 8.584333332900000446e-01
9.800000000000000000e+02 8.587049995440000361e-01
9.810000000000000000e+02 8.587040503440001027e-01
9.820000000000000000e+02 8.587047031529999597e-01
9.830000000000000000e+02 8.587053370399999608e-01
9.840000000000000000e+02 8.587053370399999608e-01
9.850000000000000000e+02 8.587043876399998998e-01
9.860000000000000000e+02 8.586151893000000257e-01
9.870000000000000000e+02 8.586151893000000257e-01
9.880000000000000000e+02 8.587056174399999575e-01
9.890000000000000000e+02 8.586154316340000037e-01
9.900000000000000000e+02 8.584351998479999857e-01
9.910000000000000000e+02 8.584351998479999857e-01
9.920000000000000000e+02 8.582546334080000117e-01
9.930000000000000000e+02 8.581644475949999906e-01
9.940000000000000000e+02 8.581644475949999906e-01
9.950000000000000000e+02 8.580737037600000283e-01
9.960000000000000000e+02 8.578033716549999799e-01
9.970000000000000000e+02 8.578033716549999799e-01
9.980000000000000000e+02 8.577126468140000570e-01
9.990000000000000000e+02 8.573520860879999539e-01
1.000000000000000000e+03 8.573520860879999539e-01
1.001000000000000000e+03 8.574428726999999695e-01
1.002000000000000000e+03 8.571721345559999428e-01
1.003000000000000000e+03 8.570814477030000988e-01
1.004000000000000000e+03 8.570814477030000988e-01
1.005000000000000000e+03 8.569014534080000578e-01
1.006000000000000000e+03 8.567210483999999626e-01
1.007000000000000000e+03 8.566313111999999119e-01
1.008000000000000000e+03 8.566308625379999153e-01
1.009000000000000000e+03 8.563612069760000445e-01
1.010000000000000000e+03 8.561799473280000683e-01
1.011000000000000000e+03 8.561799473280000683e-01
1.012000000000000000e+03 8.559094751100000398e-01
1.013000000000000000e+03 8.558197853400000277e-01
1.014000000000000000e+03 8.555493890299999959e-01
1.015000000000000000e+03 8.556390598600001063e-01
1.016000000000000000e+03 8.555489356700001213e-01
1.017000000000000000e+03 8.554592742850000153e-01
1.018000000000000000e+03 8.552785963680000769e-01
1.019000000000000000e+03 8.550988581599999749e-01
1.020000000000000000e+03 8.548286137299999643e-01
1.021000000000000000e+03 8.547380886200000027e-01
1.022000000000000000e+03 8.547385369529999499e-01
1.023000000000000000e+03 8.546480213819999117e-01
1.024000000000000000e+03 8.545579541440000426e-01
1.025000000000000000e+03 8.543783106519999837e-01
1.026000000000000000e+03 8.541973366399999712e-01
1.027000000000000000e+03 8.540177500799999155e-01
1.028000000000000000e+03 8.540177500799999155e-01
1.029000000000000000e+03 8.539277207999999009e-01
1.030000000000000000e+03 8.538376915199999972e-01
1.031000000000000000e+03 8.539272204800000265e-01
1.032000000000000000e+03 8.538371817600000080e-01
1.033000000000000000e+03 8.537471430399999894e-01
1.034000000000000000e+03 8.539271019180000311e-01
1.035000000000000000e+03 8.540166214800000155e-01
1.036000000000000000e+03 8.540160644610000906e-01
1.037000000000000000e+03 8.541065226820000467e-01
1.038000000000000000e+03 8.541065226820000467e-01
1.039000000000000000e+03 8.541062997740000995e-01
1.040000000000000000e+03 8.541958099710000862e-01
1.041000000000000000e+03 8.541958099710000862e-01
1.042000000000000000e+03 8.543751644400000567e-01
1.043000000000000000e+03 8.544656319500000263e-01
1.044000000000000000e+03 8.544649896899999542e-01
1.045000000000000000e+03 8.545554571319999848e-01
1.046000000000000000e+03 8.545547959120000092e-01
1.047000000000000000e+03 8.544646149500000343e-01
1.048000000000000000e+03 8.546438840219999777e-01
1.049000000000000000e+03 8.544641831879999927e-01
1.050000000000000000e+03 8.545529471999999682e-01
1.051000000000000000e+03 8.546434048000000061e-01
1.052000000000000000e+03 8.547331159289999203e-01
1.053000000000000000e+03 8.548226074079999792e-01
1.054000000000000000e+03 8.550920763000000591e-01
1.055000000000000000e+03 8.550922673799999929e-01
1.056000000000000000e+03 8.551817683500000378e-01
1.057000000000000000e+03 8.554514375489999933e-01
1.058000000000000000e+03 8.556304584630000098e-01
1.059000000000000000e+03 8.559914059999998992e-01
1.060000000000000000e+03 8.561706175680000586e-01
1.061000000000000000e+03 8.565307035599999397e-01
1.062000000000000000e+03 8.567118457199999204e-01
1.063000000000000000e+03 8.570720835599999754e-01
1.064000000000000000e+03 8.574325119360001191e-01
1.065000000000000000e+03 8.576126684160000346e-01
1.066000000000000000e+03 8.578825730560000196e-01
1.067000000000000000e+03 8.582441375400000627e-01
1.068000000000000000e+03 8.585141559320000892e-01
1.069000000000000000e+03 8.588758913999999800e-01
1.070000000000000000e+03 8.591460235619999830e-01
1.071000000000000000e+03 8.594171784999999897e-01
1.072000000000000000e+03 8.596873575999999240e-01
1.073000000000000000e+03 8.600494256640000001e-01
1.074000000000000000e+03 8.600494256640000001e-01
1.075000000000000000e+03 8.602300004220001517e-01
1.076000000000000000e+03 8.605013834760000258e-01
1.077000000000000000e+03 8.606820152000000945e-01
1.078000000000000000e+03 8.607717809100000617e-01
1.079000000000000000e+03 8.609534549999999786e-01
1.080000000000000000e+03 8.610432780000000230e-01
1.081000000000000000e+03 8.611341053500000120e-01
1.082000000000000000e+03 8.612249902159999637e-01
1.083000000000000000e+03 8.612249327000000010e-01
1.084000000000000000e+03 8.611350907500000540e-01
1.085000000000000000e+03 8.613156737760000459e-01
1.086000000000000000e+03 8.612258223600001150e-01
1.087000000000000000e+03 8.612267697600001215e-01
1.088000000000000000e+03 8.610449612800000763e-01
1.089000000000000000e+03 8.610458895360001419e-01
1.090000000000000000e+03 8.608660430369999839e-01
1.091000000000000000e+03 8.606851337599998875e-01
1.092000000000000000e+03 8.606857942799999162e-01
1.093000000000000000e+03 8.604141525199999752e-01
1.094000000000000000e+03 8.603240807550001090e-01
1.095000000000000000e+03 8.599634489040001162e-01
1.096000000000000000e+03 8.597832098480000518e-01
1.097000000000000000e+03 8.597839383449999984e-01
1.098000000000000000e+03 8.593323914239999750e-01
1.099000000000000000e+03 8.588809012749999416e-01
1.100000000000000000e+03 8.584294679520000360e-01
