3.000000000000000000e+02 9.141518326003754413e-02
3.010000000000000000e+02 8.655659016672453965e-02
3.020000000000000000e+02 8.155083375797228529e-02
3.030000000000000000e+02 7.590840277185952056e-02
3.040000000000000000e+02 7.018081598816781896e-02
3.050000000000000000e+02 6.426635045943597524e-02
3.060000000000000000e+02 5.805849865904125218e-02
3.070000000000000000e+02 5.161354582926149653e-02
3.080000000000000000e+02 4.532119572446792477e-02
3.090000000000000000e+02 3.898866480774746540e-02
3.100000000000000000e+02 3.277622946277009008e-02
3.110000000000000000e+02 2.716278039379010911e-02
3.120000000000000000e+02 2.272835082513074631e-02
3.130000000000000000e+02 1.883526818502542083e-02
3.140000000000000000e+02 1.706949491612288344e-02
3.150000000000000000e+02 1.689711838658000675e-02
3.160000000000000000e+02 1.905843307767595904e-02
3.170000000000000000e+02 2.476529551513068084e-02
3.180000000000000000e+02 3.280746985712098412e-02
3.190000000000000000e+02 4.415662777587019833e-02
3.200000000000000000e+02 5.821872257917363319e-02
3.210000000000000000e+02 7.513944692576461637e-02
3.220000000000000000e+02 9.414087318732919374e-02
3.230000000000000000e+02 1.145474351791614664e-01
3.240000000000000000e+02 1.365134965648123755e-01
3.250000000000000000e+02 1.596287639756234500e-01
3.260000000000000000e+02 1.840307778017150342e-01
3.270000000000000000e+02 2.094428314320855022e-01
3.280000000000000000e+02 2.354999980958734918e-01
3.290000000000000000e+02 2.613695262024886001e-01
3.300000000000000000e+02 2.864473365290853835e-01
3.310000000000000000e+02 3.099056386603829538e-01
3.320000000000000000e+02 3.316864081113573004e-01
3.330000000000000000e+02 3.514562726809386528e-01
3.340000000000000000e+02 3.698273485056904342e-01
3.350000000000000000e+02 3.863222336194216955e-01
3.360000000000000000e+02 4.012089621821663399e-01
3.370000000000000000e+02 4.151528312082284344e-01
3.380000000000000000e+02 4.276880400893021128e-01
3.390000000000000000e+02 4.388804509413750110e-01
3.400000000000000000e+02 4.497757768733127715e-01
3.410000000000000000e+02 4.590010092661068741e-01
3.420000000000000000e+02 4.683657459312949300e-01
3.430000000000000000e+02 4.766783676742115672e-01
3.440000000000000000e+02 4.838761500623380840e-01
3.450000000000000000e+02 4.911820180437581063e-01
3.460000000000000000e+02 4.978955762452609290e-01
3.470000000000000000e+02 5.041797796606244386e-01
3.480000000000000000e+02 5.104580310790848285e-01
3.490000000000000000e+02 5.163531689374524225e-01
3.500000000000000000e+02 5.216791704564345267e-01
3.510000000000000000e+02 5.270585634025271027e-01
3.520000000000000000e+02 5.315244131312054643e-01
3.530000000000000000e+02 5.365750614620834469e-01
3.540000000000000000e+02 5.408372472823104182e-01
3.550000000000000000e+02 5.456759692321385691e-01
3.560000000000000000e+02 5.498829729088713369e-01
3.570000000000000000e+02 5.539169072180895048e-01
3.580000000000000000e+02 5.578706412315930230e-01
3.590000000000000000e+02 5.621298358282671437e-01
3.600000000000000000e+02 5.659722372511589716e-01
3.610000000000000000e+02 5.693084741267033788e-01
3.620000000000000000e+02 5.731831553392033873e-01
3.630000000000000000e+02 5.766665367461388803e-01
3.640000000000000000e+02 5.800683586334857145e-01
3.650000000000000000e+02 5.833758111832829663e-01
3.660000000000000000e+02 5.864977774382981179e-01
3.670000000000000000e+02 5.895332253993466054e-01
3.680000000000000000e+02 5.925435226360310503e-01
3.690000000000000000e+02 5.956655928677841993e-01
3.700000000000000000e+02 5.985817338325004622e-01
3.710000000000000000e+02 6.013851479379472842e-01
3.720000000000000000e+02 6.040674741209348664e-01
3.730000000000000000e+02 6.065611595658639832e-01
3.740000000000000000e+02 6.091622261528626403e-01
3.750000000000000000e+02 6.116295696635096757e-01
3.760000000000000000e+02 6.141977330593919593e-01
3.770000000000000000e+02 6.164293428552122256e-01
3.780000000000000000e+02 6.186367954912043166e-01
3.790000000000000000e+02 6.205718122740115916e-01
3.800000000000000000e+02 6.225859299287298532e-01
3.810000000000000000e+02 6.246636909706819729e-01
3.820000000000000000e+02 6.268810573789348473e-01
3.830000000000000000e+02 6.286703026213619205e-01
3.840000000000000000e+02 6.303802596982472917e-01
3.850000000000000000e+02 6.323573268025178828e-01
3.860000000000000000e+02 6.337488387514393917e-01
3.870000000000000000e+02 6.356901966214806299e-01
3.880000000000000000e+02 6.372918134834901771e-01
3.890000000000000000e+02 6.389530222887900290e-01
3.900000000000000000e+02 6.401920917371989317e-01
3.910000000000000000e+02 6.418762186996067598e-01
3.920000000000000000e+02 6.430508726680584930e-01
3.930000000000000000e+02 6.443656244782109965e-01
3.940000000000000000e+02 6.459175576262317087e-01
3.950000000000000000e+02 6.473891425767073216e-01
3.960000000000000000e+02 6.485047784950398464e-01
3.970000000000000000e+02 6.497845783434552658e-01
3.980000000000000000e+02 6.511490362128301568e-01
3.990000000000000000e+02 6.523551669476728154e-01
4.000000000000000000e+02 6.535928529673181719e-01
4.010000000000000000e+02 6.545056866897839276e-01
4.020000000000000000e+02 6.553591373461733482e-01
4.030000000000000000e+02 6.565110768887748582e-01
4.040000000000000000e+02 6.577109299485113247e-01
4.050000000000000000e+02 6.584979613975479040e-01
4.060000000000000000e+02 6.594351502289490519e-01
4.070000000000000000e+02 6.604603928260903700e-01
4.080000000000000000e+02 6.614039089745287203e-01
4.090000000000000000e+02 6.623616626020774056e-01
4.100000000000000000e+02 6.631940175971473561e-01
4.110000000000000000e+02 6.638771610280463920e-01
4.120000000000000000e+02 6.648975740359122089e-01
4.130000000000000000e+02 6.655139780624527157e-01
4.140000000000000000e+02 6.665124875154228024e-01
4.150000000000000000e+02 6.673137747738473458e-01
4.160000000000000000e+02 6.679533382858205970e-01
4.170000000000000000e+02 6.689969317083012124e-01
4.180000000000000000e+02 6.694724883092897372e-01
4.190000000000000000e+02 6.703357576042807686e-01
4.200000000000000000e+02 6.710514486531018452e-01
4.210000000000000000e+02 6.717285356718016853e-01
4.220000000000000000e+02 6.722194075004300773e-01
4.230000000000000000e+02 6.730554453299580908e-01
4.240000000000000000e+02 6.736061454517802138e-01
4.250000000000000000e+02 6.742761826965031347e-01
4.260000000000000000e+02 6.753292830305668293e-01
4.270000000000000000e+02 6.758878424876557656e-01
4.280000000000000000e+02 6.761031549867593249e-01
4.290000000000000000e+02 6.767766231515404129e-01
4.300000000000000000e+02 6.777233597673117949e-01
4.310000000000000000e+02 6.782527150983619357e-01
4.320000000000000000e+02 6.788671222098523472e-01
4.330000000000000000e+02 6.796502607281078578e-01
4.340000000000000000e+02 6.799481316485758153e-01
4.350000000000000000e+02 6.806077682927706984e-01
4.360000000000000000e+02 6.810552641260044782e-01
4.370000000000000000e+02 6.816398586968035467e-01
4.380000000000000000e+02 6.818309435209416458e-01
4.390000000000000000e+02 6.822127060991087788e-01
4.400000000000000000e+02 6.824857721966904878e-01
4.410000000000000000e+02 6.830389282389427441e-01
4.420000000000000000e+02 6.836307383452967512e-01
4.430000000000000000e+02 6.838885981154796401e-01
4.440000000000000000e+02 6.841428901872805834e-01
4.450000000000000000e+02 6.842478560729685633e-01
4.460000000000000000e+02 6.848263628065959230e-01
4.470000000000000000e+02 6.850653132505819531e-01
4.480000000000000000e+02 6.854330022865411376e-01
4.490000000000000000e+02 6.858546493529719124e-01
4.500000000000000000e+02 6.859740794809919828e-01
4.510000000000000000e+02 6.861978683008801427e-01
4.520000000000000000e+02 6.864254173065592601e-01
4.530000000000000000e+02 6.866736890240683344e-01
4.540000000000000000e+02 6.872327167408032178e-01
4.550000000000000000e+02 6.875122735496912441e-01
4.560000000000000000e+02 6.876013830220539802e-01
4.570000000000000000e+02 6.876159923798815798e-01
4.580000000000000000e+02 6.880816849241229161e-01
4.590000000000000000e+02 6.883075107277180082e-01
4.600000000000000000e+02 6.886200725389250987e-01
4.610000000000000000e+02 6.889738669998091147e-01
4.620000000000000000e+02 6.890403361410690763e-01
4.630000000000000000e+02 6.893452010025566956e-01
4.640000000000000000e+02 6.896198958200646656e-01
4.650000000000000000e+02 6.897905018700830615e-01
4.660000000000000000e+02 6.900654110003008324e-01
4.670000000000000000e+02 6.905381808715246317e-01
4.680000000000000000e+02 6.907088079281710202e-01
4.690000000000000000e+02 6.909580859920237961e-01
4.700000000000000000e+02 6.912511517029075181e-01
4.710000000000000000e+02 6.913695557170098649e-01
4.720000000000000000e+02 6.918795582211840767e-01
4.730000000000000000e+02 6.918190095771005188e-01
4.740000000000000000e+02 6.920712910281107133e-01
4.750000000000000000e+02 6.923792663198501396e-01
4.760000000000000000e+02 6.925049217081077346e-01
4.770000000000000000e+02 6.926679447229786568e-01
4.780000000000000000e+02 6.929173999985563936e-01
4.790000000000000000e+02 6.932105225642629653e-01
4.800000000000000000e+02 6.933511504553977467e-01
4.810000000000000000e+02 6.934917459726660516e-01
4.820000000000000000e+02 6.936695223499556029e-01
4.830000000000000000e+02 6.942121479494897107e-01
4.840000000000000000e+02 6.943418065874327194e-01
4.850000000000000000e+02 6.944944809484426829e-01
4.860000000000000000e+02 6.945902888717095935e-01
4.870000000000000000e+02 6.949542294396640063e-01
4.880000000000000000e+02 6.952032934452159196e-01
4.890000000000000000e+02 6.952620748538278495e-01
4.900000000000000000e+02 6.955738775117761286e-01
4.910000000000000000e+02 6.955188668331623303e-01
4.920000000000000000e+02 6.954764161424785707e-01
4.930000000000000000e+02 6.957905005412040600e-01
4.940000000000000000e+02 6.958025645067322795e-01
4.950000000000000000e+02 6.957848288032544293e-01
4.960000000000000000e+02 6.959826546888413512e-01
4.970000000000000000e+02 6.959716158276474385e-01
4.980000000000000000e+02 6.962326489762088455e-01
4.990000000000000000e+02 6.962190414330597932e-01
5.000000000000000000e+02 6.962668989322494673e-01
5.010000000000000000e+02 6.963743920767184736e-01
5.020000000000000000e+02 6.964642540341736687e-01
5.030000000000000000e+02 6.962374449226332862e-01
5.040000000000000000e+02 6.963740524928614395e-01
5.050000000000000000e+02 6.962288688779647572e-01
5.060000000000000000e+02 6.963410640519722694e-01
5.070000000000000000e+02 6.967723089861235231e-01
5.080000000000000000e+02 6.965679649187084266e-01
5.090000000000000000e+02 6.964229843157425659e-01
5.100000000000000000e+02 6.965523280337406753e-01
5.110000000000000000e+02 6.966421014378633148e-01
5.120000000000000000e+02 6.967268005808266995e-01
5.130000000000000000e+02 6.968039886305168462e-01
5.140000000000000000e+02 6.967085406754912613e-01
5.150000000000000000e+02 6.969559693317546323e-01
5.160000000000000000e+02 6.969936659850900496e-01
5.170000000000000000e+02 6.971750694596403619e-01
5.180000000000000000e+02 6.970227497193317578e-01
5.190000000000000000e+02 6.968408369732635999e-01
5.200000000000000000e+02 6.971305159090418480e-01
5.210000000000000000e+02 6.973165743137466066e-01
5.220000000000000000e+02 6.971867980666075493e-01
5.230000000000000000e+02 6.971009799319645150e-01
5.240000000000000000e+02 6.971852757160867942e-01
5.250000000000000000e+02 6.973414888830546943e-01
5.260000000000000000e+02 6.971446305124030518e-01
5.270000000000000000e+02 6.972518684954444046e-01
5.280000000000000000e+02 6.974379570993018973e-01
5.290000000000000000e+02 6.973800817148404496e-01
5.300000000000000000e+02 6.975093608566529380e-01
5.310000000000000000e+02 6.975493933207879138e-01
5.320000000000000000e+02 6.977149826803203947e-01
5.330000000000000000e+02 6.974446003038218267e-01
5.340000000000000000e+02 6.976753067586866086e-01
5.350000000000000000e+02 6.977059228471909069e-01
5.360000000000000000e+02 6.979156053639171686e-01
5.370000000000000000e+02 6.977416932274809191e-01
5.380000000000000000e+02 6.981500073746568225e-01
5.390000000000000000e+02 6.979908072513855144e-01
5.400000000000000000e+02 6.981933583886055228e-01
5.410000000000000000e+02 6.979608569731473589e-01
5.420000000000000000e+02 6.981025017376535358e-01
5.430000000000000000e+02 6.981631489502341248e-01
5.440000000000000000e+02 6.982774928874339038e-01
5.450000000000000000e+02 6.984797740785525511e-01
5.460000000000000000e+02 6.981803116889354621e-01
5.470000000000000000e+02 6.984422688922780065e-01
5.480000000000000000e+02 6.988832728330877098e-01
5.490000000000000000e+02 6.988867673761485211e-01
5.500000000000000000e+02 6.987591187050770092e-01
5.510000000000000000e+02 6.988380207523089416e-01
5.520000000000000000e+02 6.989087665883196854e-01
5.530000000000000000e+02 6.990466723292124707e-01
5.540000000000000000e+02 6.991624176417232661e-01
5.550000000000000000e+02 6.992270812807395153e-01
5.560000000000000000e+02 6.991657805240705237e-01
5.570000000000000000e+02 6.995816549410074359e-01
5.580000000000000000e+02 6.997938216217961527e-01
5.590000000000000000e+02 6.996076636389909620e-01
5.600000000000000000e+02 6.996649103968249905e-01
5.610000000000000000e+02 7.000897981401142944e-01
5.620000000000000000e+02 7.000295990933231849e-01
5.630000000000000000e+02 6.998581756308932533e-01
5.640000000000000000e+02 7.002015191320309917e-01
5.650000000000000000e+02 7.003472243692102639e-01
5.660000000000000000e+02 7.004254987872793325e-01
5.670000000000000000e+02 7.007562118924277605e-01
5.680000000000000000e+02 7.006074704075820891e-01
5.690000000000000000e+02 7.009227729751247304e-01
5.700000000000000000e+02 7.009648461165971511e-01
5.710000000000000000e+02 7.010654413194012946e-01
5.720000000000000000e+02 7.014182781292199742e-01
5.730000000000000000e+02 7.012621192428775130e-01
5.740000000000000000e+02 7.014747694235143882e-01
5.750000000000000000e+02 7.015390397217351470e-01
5.760000000000000000e+02 7.016926912053805809e-01
5.770000000000000000e+02 7.016869569549525343e-01
5.780000000000000000e+02 7.014512120953320107e-01
5.790000000000000000e+02 7.016658687740012779e-01
5.800000000000000000e+02 7.017196966531307201e-01
5.810000000000000000e+02 7.015397335575040971e-01
5.820000000000000000e+02 7.014120022309562330e-01
5.830000000000000000e+02 7.010626029776729773e-01
5.840000000000000000e+02 7.010814194768606455e-01
5.850000000000000000e+02 7.012615745040149395e-01
5.860000000000000000e+02 7.010152260847135608e-01
5.870000000000000000e+02 7.007267961426637548e-01
5.880000000000000000e+02 7.006945598949286813e-01
5.890000000000000000e+02 7.007953684197095745e-01
5.900000000000000000e+02 7.005510935274468221e-01
5.910000000000000000e+02 7.004091020035745352e-01
5.920000000000000000e+02 7.003332396736915433e-01
5.930000000000000000e+02 7.003069071324222739e-01
5.940000000000000000e+02 7.003117823834333899e-01
5.950000000000000000e+02 7.000161340999693227e-01
5.960000000000000000e+02 7.000796435762121073e-01
5.970000000000000000e+02 6.999677350729679448e-01
5.980000000000000000e+02 7.001279605566427255e-01
5.990000000000000000e+02 6.999277336719510467e-01
6.000000000000000000e+02 6.999251547565937814e-01
6.010000000000000000e+02 6.998283502119846400e-01
6.020000000000000000e+02 6.999144227075868585e-01
6.030000000000000000e+02 6.997581432162542914e-01
6.040000000000000000e+02 6.998078630515212062e-01
6.050000000000000000e+02 6.994324301186062298e-01
6.060000000000000000e+02 6.994381038260250039e-01
6.070000000000000000e+02 6.996774092247259880e-01
6.080000000000000000e+02 6.995445169141445430e-01
6.090000000000000000e+02 6.993383921057834129e-01
6.100000000000000000e+02 6.993226711833961939e-01
6.110000000000000000e+02 6.995050264381006411e-01
6.120000000000000000e+02 6.992183507573614953e-01
6.130000000000000000e+02 6.993049765691126129e-01
6.140000000000000000e+02 6.992075172861303978e-01
6.150000000000000000e+02 6.990013937651222697e-01
6.160000000000000000e+02 6.989778692809908156e-01
6.170000000000000000e+02 6.991902136725988148e-01
6.180000000000000000e+02 6.990945265475786430e-01
6.190000000000000000e+02 6.989119011593164510e-01
6.200000000000000000e+02 6.989112349798859425e-01
6.210000000000000000e+02 6.987132199122255694e-01
6.220000000000000000e+02 6.987571364554766573e-01
6.230000000000000000e+02 6.987052269898614831e-01
6.240000000000000000e+02 6.986029829474140751e-01
6.250000000000000000e+02 6.985145262347952633e-01
6.260000000000000000e+02 6.985874700192553632e-01
6.270000000000000000e+02 6.984632889876418727e-01
6.280000000000000000e+02 6.982888608837607425e-01
6.290000000000000000e+02 6.982522545721591145e-01
6.300000000000000000e+02 6.982456283665563479e-01
6.310000000000000000e+02 6.982762713465561211e-01
6.320000000000000000e+02 6.982477062033310977e-01
6.330000000000000000e+02 6.980595627706850381e-01
6.340000000000000000e+02 6.980974305978235872e-01
6.350000000000000000e+02 6.980833976874516456e-01
6.360000000000000000e+02 6.982523652736783992e-01
6.370000000000000000e+02 6.980350936051787913e-01
6.380000000000000000e+02 6.980364125254204799e-01
6.390000000000000000e+02 6.979567279112861566e-01
6.400000000000000000e+02 6.978281910115159414e-01
6.410000000000000000e+02 6.976684106579145173e-01
6.420000000000000000e+02 6.976842108340730597e-01
6.430000000000000000e+02 6.977727597357701317e-01
6.440000000000000000e+02 6.976566363604589371e-01
6.450000000000000000e+02 6.976796273909754431e-01
6.460000000000000000e+02 6.976516659465555881e-01
6.470000000000000000e+02 6.975582292729416434e-01
6.480000000000000000e+02 6.975383994386062936e-01
6.490000000000000000e+02 6.975031294827980233e-01
6.500000000000000000e+02 6.973960309960006709e-01
6.510000000000000000e+02 6.966867458850648509e-01
6.520000000000000000e+02 6.962859487655187474e-01
6.530000000000000000e+02 6.956195070999046104e-01
6.540000000000000000e+02 6.946708449807618146e-01
6.550000000000000000e+02 6.942052415881708738e-01
6.560000000000000000e+02 6.936405433896112305e-01
6.570000000000000000e+02 6.929946207466188834e-01
6.580000000000000000e+02 6.922992742092941576e-01
6.590000000000000000e+02 6.924074189347080299e-01
6.600000000000000000e+02 6.926020794404529335e-01
6.610000000000000000e+02 6.916563961086027446e-01
6.620000000000000000e+02 6.911842208798407716e-01
6.630000000000000000e+02 6.904399000786428653e-01
6.640000000000000000e+02 6.897686279135593068e-01
6.650000000000000000e+02 6.892815401074039450e-01
6.660000000000000000e+02 6.885450363464180601e-01
6.670000000000000000e+02 6.879089593028632210e-01
6.680000000000000000e+02 6.872650019906276775e-01
6.690000000000000000e+02 6.873579442351728241e-01
6.700000000000000000e+02 6.875867251448222195e-01
6.710000000000000000e+02 6.866170325310947398e-01
6.720000000000000000e+02 6.862816434456099346e-01
6.730000000000000000e+02 6.853180255630557660e-01
6.740000000000000000e+02 6.846470616798392417e-01
6.750000000000000000e+02 6.844113119302118742e-01
6.760000000000000000e+02 6.834348193956339967e-01
6.770000000000000000e+02 6.831055235401654047e-01
6.780000000000000000e+02 6.829171459691061319e-01
6.790000000000000000e+02 6.826375810311863246e-01
6.800000000000000000e+02 6.823569385012393518e-01
6.810000000000000000e+02 6.816593159299967342e-01
6.820000000000000000e+02 6.811057211843140058e-01
6.830000000000000000e+02 6.804286310837376339e-01
6.840000000000000000e+02 6.796951912637380078e-01
6.850000000000000000e+02 6.789931441694738723e-01
6.860000000000000000e+02 6.784013114304088266e-01
6.870000000000000000e+02 6.780307785823204147e-01
6.880000000000000000e+02 6.778151832462436799e-01
6.890000000000000000e+02 6.775983824121526444e-01
6.900000000000000000e+02 6.772491375940538072e-01
6.910000000000000000e+02 6.764618886266106079e-01
6.920000000000000000e+02 6.760986949520887412e-01
6.930000000000000000e+02 6.750316519732162401e-01
6.940000000000000000e+02 6.748930336959702014e-01
6.950000000000000000e+02 6.744334453110167882e-01
6.960000000000000000e+02 6.740634817742644502e-01
6.970000000000000000e+02 6.733254596440603201e-01
6.980000000000000000e+02 6.730392881393181259e-01
6.990000000000000000e+02 6.723349298785781247e-01
7.000000000000000000e+02 6.720575175459027051e-01
7.010000000000000000e+02 6.717825589815644705e-01
7.020000000000000000e+02 6.715227664705439858e-01
7.030000000000000000e+02 6.712756215517091674e-01
7.040000000000000000e+02 6.710992532933853782e-01
7.050000000000000000e+02 6.707268620554291960e-01
7.060000000000000000e+02 6.703975292579812395e-01
7.070000000000000000e+02 6.699862035086817658e-01
7.080000000000000000e+02 6.696236178984911191e-01
7.090000000000000000e+02 6.694080981287496845e-01
7.100000000000000000e+02 6.691773874454539639e-01
7.110000000000000000e+02 6.687998239429026048e-01
7.120000000000000000e+02 6.688184612105657623e-01
7.130000000000000000e+02 6.681432507284201794e-01
7.140000000000000000e+02 6.680358061931974678e-01
7.150000000000000000e+02 6.677276506910427845e-01
7.160000000000000000e+02 6.673504228028834806e-01
7.170000000000000000e+02 6.671279172791411138e-01
7.180000000000000000e+02 6.670365645503085750e-01
7.190000000000000000e+02 6.664896032184255414e-01
7.200000000000000000e+02 6.660946797088470595e-01
7.210000000000000000e+02 6.658915919607171219e-01
7.220000000000000000e+02 6.657435647411615864e-01
7.230000000000000000e+02 6.654508027801070424e-01
7.240000000000000000e+02 6.648896404279034389e-01
7.250000000000000000e+02 6.645888528331842515e-01
7.260000000000000000e+02 6.642963302814948179e-01
7.270000000000000000e+02 6.642745841128167017e-01
7.280000000000000000e+02 6.639490247921627786e-01
7.290000000000000000e+02 6.636386468922645943e-01
7.300000000000000000e+02 6.636302784532837062e-01
7.310000000000000000e+02 6.629124570978882636e-01
7.320000000000000000e+02 6.627723289794436035e-01
7.330000000000000000e+02 6.625279228417724209e-01
7.340000000000000000e+02 6.623040441623264662e-01
7.350000000000000000e+02 6.619583275308457138e-01
7.360000000000000000e+02 6.616591915283795977e-01
7.370000000000000000e+02 6.614053497241936252e-01
7.380000000000000000e+02 6.611979626330152238e-01
7.390000000000000000e+02 6.609973780182598624e-01
7.400000000000000000e+02 6.606260553499925248e-01
7.410000000000000000e+02 6.604991258252388420e-01
7.420000000000000000e+02 6.601537939332088323e-01
7.430000000000000000e+02 6.597199273386126217e-01
7.440000000000000000e+02 6.595656371531067874e-01
7.450000000000000000e+02 6.593990767296534772e-01
7.460000000000000000e+02 6.590131489867383507e-01
7.470000000000000000e+02 6.586083957066337646e-01
7.480000000000000000e+02 6.585793259414536305e-01
7.490000000000000000e+02 6.580470081463688503e-01
7.500000000000000000e+02 6.579838330951509606e-01
7.510000000000000000e+02 6.576521403050301640e-01
7.520000000000000000e+02 6.574373319201726185e-01
7.530000000000000000e+02 6.572020814386317911e-01
7.540000000000000000e+02 6.566670102436241718e-01
7.550000000000000000e+02 6.562082298758827870e-01
7.560000000000000000e+02 6.555992085832822447e-01
7.570000000000000000e+02 6.555092852433145323e-01
7.580000000000000000e+02 6.552080110628859533e-01
7.590000000000000000e+02 6.549135182008624101e-01
7.600000000000000000e+02 6.546205509336625594e-01
7.610000000000000000e+02 6.544040721859556431e-01
7.620000000000000000e+02 6.538449144494464793e-01
7.630000000000000000e+02 6.537176247966303144e-01
7.640000000000000000e+02 6.532801461188948444e-01
7.650000000000000000e+02 6.528884504420308099e-01
7.660000000000000000e+02 6.528887851734451742e-01
7.670000000000000000e+02 6.519889280002467702e-01
7.680000000000000000e+02 6.515821023468368889e-01
7.690000000000000000e+02 6.518256567378928334e-01
7.700000000000000000e+02 6.512777441360206865e-01
7.710000000000000000e+02 6.508075641163395542e-01
7.720000000000000000e+02 6.506244543803273439e-01
7.730000000000000000e+02 6.502081530136483156e-01
7.740000000000000000e+02 6.497786016354137884e-01
7.750000000000000000e+02 6.495366850236187206e-01
7.760000000000000000e+02 6.491541902461840374e-01
7.770000000000000000e+02 6.489606411607519165e-01
7.780000000000000000e+02 6.485212903817826335e-01
7.790000000000000000e+02 6.480538135492021068e-01
7.800000000000000000e+02 6.479486642950267328e-01
7.810000000000000000e+02 6.470527847404802246e-01
7.820000000000000000e+02 6.471429179342391702e-01
7.830000000000000000e+02 6.468809909352657428e-01
7.840000000000000000e+02 6.464991473587893278e-01
7.850000000000000000e+02 6.458178896137649616e-01
7.860000000000000000e+02 6.459153920208938748e-01
7.870000000000000000e+02 6.454173657382855644e-01
7.880000000000000000e+02 6.452634774512572280e-01
7.890000000000000000e+02 6.446595147329560183e-01
7.900000000000000000e+02 6.440824730143892562e-01
7.910000000000000000e+02 6.440464240291380316e-01
7.920000000000000000e+02 6.440564726011211993e-01
7.930000000000000000e+02 6.433108892032332049e-01
7.940000000000000000e+02 6.432478353419700534e-01
7.950000000000000000e+02 6.426286630735962291e-01
7.960000000000000000e+02 6.422545753384141243e-01
7.970000000000000000e+02 6.420293413379151160e-01
7.980000000000000000e+02 6.415249394750045520e-01
7.990000000000000000e+02 6.414978187665677511e-01
8.000000000000000000e+02 6.411669063630743848e-01
8.010000000000000000e+02 6.409573013947043041e-01
8.020000000000000000e+02 6.410314098840791397e-01
8.030000000000000000e+02 6.408020433491936618e-01
8.040000000000000000e+02 6.410872309283850434e-01
8.050000000000000000e+02 6.411678969251229931e-01
8.060000000000000000e+02 6.409996091124633422e-01
8.070000000000000000e+02 6.408098579012060370e-01
8.080000000000000000e+02 6.407849987857386909e-01
8.090000000000000000e+02 6.403595659636868165e-01
8.100000000000000000e+02 6.406578416431605305e-01
8.110000000000000000e+02 6.407780442267544396e-01
8.120000000000000000e+02 6.408784460095998670e-01
8.130000000000000000e+02 6.410926098584432964e-01
8.140000000000000000e+02 6.407380972610632330e-01
8.150000000000000000e+02 6.409769006978177641e-01
8.160000000000000000e+02 6.406092533432455882e-01
8.170000000000000000e+02 6.409156395017697738e-01
8.180000000000000000e+02 6.411082389968949524e-01
8.190000000000000000e+02 6.407423432399732555e-01
8.200000000000000000e+02 6.406779180585447930e-01
8.210000000000000000e+02 6.408375386103825067e-01
8.220000000000000000e+02 6.404717151272465436e-01
8.230000000000000000e+02 6.410200563283582342e-01
8.240000000000000000e+02 6.406393761490872807e-01
8.250000000000000000e+02 6.406425452374272522e-01
8.260000000000000000e+02 6.410392485051883416e-01
8.270000000000000000e+02 6.407903653747152317e-01
8.280000000000000000e+02 6.402336492112624677e-01
8.290000000000000000e+02 6.408542269173769235e-01
8.300000000000000000e+02 6.402778094798837749e-01
8.310000000000000000e+02 6.410892829615275623e-01
8.320000000000000000e+02 6.408075262000638705e-01
8.330000000000000000e+02 6.405341063787403089e-01
8.340000000000000000e+02 6.408384114738657766e-01
8.350000000000000000e+02 6.406242722876493989e-01
8.360000000000000000e+02 6.406651885771942334e-01
8.370000000000000000e+02 6.403835262532102668e-01
8.380000000000000000e+02 6.406894745360210974e-01
8.390000000000000000e+02 6.401857554789408544e-01
8.400000000000000000e+02 6.402332592190782545e-01
8.410000000000000000e+02 6.400635623249825157e-01
8.420000000000000000e+02 6.399416666983391844e-01
8.430000000000000000e+02 6.405682704254461735e-01
8.440000000000000000e+02 6.407293185497781041e-01
8.450000000000000000e+02 6.404806513537447676e-01
8.460000000000000000e+02 6.400824086043905847e-01
8.470000000000000000e+02 6.400838172556608807e-01
8.480000000000000000e+02 6.403895757569418867e-01
8.490000000000000000e+02 6.406935630632830669e-01
8.500000000000000000e+02 6.402493457071515293e-01
8.510000000000000000e+02 6.412968973732239286e-01
8.520000000000000000e+02 6.420967617757382673e-01
8.530000000000000000e+02 6.432123098108645243e-01
8.540000000000000000e+02 6.435162531233451499e-01
8.550000000000000000e+02 6.445606589591083013e-01
8.560000000000000000e+02 6.460186126413667296e-01
8.570000000000000000e+02 6.459911891259891847e-01
8.580000000000000000e+02 6.467061220814754874e-01
8.590000000000000000e+02 6.472636664799621409e-01
8.600000000000000000e+02 6.483385233951775017e-01
8.610000000000000000e+02 6.486986395306595377e-01
8.620000000000000000e+02 6.495134202982567606e-01
8.630000000000000000e+02 6.501952918995692610e-01
8.640000000000000000e+02 6.513836941344161025e-01
8.650000000000000000e+02 6.523477291616658347e-01
8.660000000000000000e+02 6.529895465096130502e-01
8.670000000000000000e+02 6.538546079201593697e-01
8.680000000000000000e+02 6.540878873325183251e-01
8.690000000000000000e+02 6.550612717501217430e-01
8.700000000000000000e+02 6.552756573368709869e-01
8.710000000000000000e+02 6.560245119604960484e-01
8.720000000000000000e+02 6.563964036708032079e-01
8.730000000000000000e+02 6.577581737997718614e-01
8.740000000000000000e+02 6.583195793582458100e-01
8.750000000000000000e+02 6.595707272781973218e-01
8.760000000000000000e+02 6.596727185396699111e-01
8.770000000000000000e+02 6.606686676795927582e-01
8.780000000000000000e+02 6.608178420973030986e-01
8.790000000000000000e+02 6.608305706686866676e-01
8.800000000000000000e+02 6.623917539364621021e-01
8.810000000000000000e+02 6.629174110261755182e-01
8.820000000000000000e+02 6.646976304920976242e-01
8.830000000000000000e+02 6.643520824668206481e-01
8.840000000000000000e+02 6.655605826727287733e-01
8.850000000000000000e+02 6.664084837408016382e-01
8.860000000000000000e+02 6.660262740034139650e-01
8.870000000000000000e+02 6.669039706630023323e-01
8.880000000000000000e+02 6.679605545333501260e-01
8.890000000000000000e+02 6.695035889518424765e-01
8.900000000000000000e+02 6.694714964272272528e-01
8.910000000000000000e+02 6.693574677093602210e-01
8.920000000000000000e+02 6.711762793040584318e-01
8.930000000000000000e+02 6.717310098303982402e-01
8.940000000000000000e+02 6.722292224757335788e-01
8.950000000000000000e+02 6.729910485525735231e-01
8.960000000000000000e+02 6.730959627270700629e-01
8.970000000000000000e+02 6.739297977382445737e-01
8.980000000000000000e+02 6.742924623006202323e-01
8.990000000000000000e+02 6.748765094998989689e-01
9.000000000000000000e+02 6.763270257417925979e-01
9.010000000000000000e+02 6.765192295111579490e-01
9.020000000000000000e+02 6.769929310440541137e-01
9.030000000000000000e+02 6.783045953829242025e-01
9.040000000000000000e+02 6.785234817345997538e-01
9.050000000000000000e+02 6.795620308122829467e-01
9.060000000000000000e+02 6.817929857658782122e-01
9.070000000000000000e+02 6.835000135958853029e-01
9.080000000000000000e+02 6.846840242513322350e-01
9.090000000000000000e+02 6.849297837555587964e-01
9.100000000000000000e+02 6.854329010352672169e-01
9.110000000000000000e+02 6.862939867093693636e-01
9.120000000000000000e+02 6.867399019041486863e-01
9.130000000000000000e+02 6.870082764830064415e-01
9.140000000000000000e+02 6.885617832129082849e-01
9.150000000000000000e+02 6.887046391572795301e-01
9.160000000000000000e+02 6.898068441805104145e-01
9.170000000000000000e+02 6.907858786217222491e-01
9.180000000000000000e+02 6.913305226340787923e-01
9.190000000000000000e+02 6.914351489827226249e-01
9.200000000000000000e+02 6.946405889739731832e-01
9.210000000000000000e+02 6.957449661970322996e-01
9.220000000000000000e+02 6.961638572579071926e-01
9.230000000000000000e+02 6.963282626787853369e-01
9.240000000000000000e+02 6.974284482222692372e-01
9.250000000000000000e+02 6.980908647048497118e-01
9.260000000000000000e+02 6.984537553666496645e-01
9.270000000000000000e+02 7.006461026168255835e-01
9.280000000000000000e+02 7.016758812555967673e-01
9.290000000000000000e+02 7.024720382838398614e-01
9.300000000000000000e+02 7.031894080020689719e-01
9.310000000000000000e+02 7.044012368962888626e-01
9.320000000000000000e+02 7.048053771241801213e-01
9.330000000000000000e+02 7.055719247301190933e-01
9.340000000000000000e+02 7.062508410280021742e-01
9.350000000000000000e+02 7.065539521942301171e-01
9.360000000000000000e+02 7.090335321919611911e-01
9.370000000000000000e+02 7.096629929422747507e-01
9.380000000000000000e+02 7.103070444213693824e-01
9.390000000000000000e+02 7.120450684976380451e-01
9.400000000000000000e+02 7.118955661814625469e-01
9.410000000000000000e+02 7.132469115999537923e-01
9.420000000000000000e+02 7.131406504961592674e-01
9.430000000000000000e+02 7.130963053339718360e-01
9.440000000000000000e+02 7.150894659393869368e-01
9.450000000000000000e+02 7.159547856423452705e-01
9.460000000000000000e+02 7.166741316305031972e-01
9.470000000000000000e+02 7.175249242640999725e-01
9.480000000000000000e+02 7.170587306405232786e-01
9.490000000000000000e+02 7.191753364871216192e-01
9.500000000000000000e+02 7.195556740747250934e-01
9.510000000000000000e+02 7.201807258923533794e-01
9.520000000000000000e+02 7.204453296511706961e-01
9.530000000000000000e+02 7.206129472580266038e-01
9.540000000000000000e+02 7.205821754022959658e-01
9.550000000000000000e+02 7.213566969756404212e-01
9.560000000000000000e+02 7.214505476820273211e-01
9.570000000000000000e+02 7.221579812314717906e-01
9.580000000000000000e+02 7.219783339787521070e-01
9.590000000000000000e+02 7.222412785257851242e-01
9.600000000000000000e+02 7.218690564408261068e-01
9.610000000000000000e+02 7.221996105792513054e-01
9.620000000000000000e+02 7.228189589723987840e-01
9.630000000000000000e+02 7.231434229569622119e-01
9.640000000000000000e+02 7.233558453363987395e-01
9.650000000000000000e+02 7.225088963417239940e-01
9.660000000000000000e+02 7.233964870304229189e-01
9.670000000000000000e+02 7.231779747780274770e-01
9.680000000000000000e+02 7.238351871991736131e-01
9.690000000000000000e+02 7.237574442870514657e-01
9.700000000000000000e+02 7.244213875034049011e-01
9.710000000000000000e+02 7.250050056573699164e-01
9.720000000000000000e+02 7.245498083750224749e-01
9.730000000000000000e+02 7.244209402988625035e-01
9.740000000000000000e+02 7.244255914851256417e-01
9.750000000000000000e+02 7.254710562965617227e-01
9.760000000000000000e+02 7.255055485257794201e-01
9.770000000000000000e+02 7.253085972586345020e-01
9.780000000000000000e+02 7.248661890827907683e-01
9.790000000000000000e+02 7.257989973553063967e-01
9.800000000000000000e+02 7.264793375379899887e-01
9.810000000000000000e+02 7.263947651356554847e-01
9.820000000000000000e+02 7.266523494862279220e-01
9.830000000000000000e+02 7.266261704973610014e-01
9.840000000000000000e+02 7.267125771473437190e-01
9.850000000000000000e+02 7.280871954565865112e-01
9.860000000000000000e+02 7.271385481904155679e-01
9.870000000000000000e+02 7.268290812394246903e-01
9.880000000000000000e+02 7.278533133740378025e-01
9.890000000000000000e+02 7.277440062836076917e-01
9.900000000000000000e+02 7.277996014095790001e-01
9.910000000000000000e+02 7.279381728403838681e-01
9.920000000000000000e+02 7.279638740309848366e-01
9.930000000000000000e+02 7.283784764065013295e-01
9.940000000000000000e+02 7.288967177518058671e-01
9.950000000000000000e+02 7.289831741827790257e-01
9.960000000000000000e+02 7.295912893182322501e-01
9.970000000000000000e+02 7.296096244132620479e-01
9.980000000000000000e+02 7.292170408521175817e-01
9.990000000000000000e+02 7.296526282002048225e-01
1.000000000000000000e+03 7.300818599888097005e-01
1.001000000000000000e+03 7.301374608289029622e-01
1.002000000000000000e+03 7.301939961981444016e-01
1.003000000000000000e+03 7.307880244967831507e-01
1.004000000000000000e+03 7.303872986214120511e-01
1.005000000000000000e+03 7.304053552388173332e-01
1.006000000000000000e+03 7.307835801707245338e-01
1.007000000000000000e+03 7.311674868995807763e-01
1.008000000000000000e+03 7.316114132221834820e-01
1.009000000000000000e+03 7.318841882601000437e-01
1.010000000000000000e+03 7.313919311658072520e-01
1.011000000000000000e+03 7.320018548489496402e-01
1.012000000000000000e+03 7.323721659889873559e-01
1.013000000000000000e+03 7.323752456624094131e-01
1.014000000000000000e+03 7.326482151733708648e-01
1.015000000000000000e+03 7.326737376413738900e-01
1.016000000000000000e+03 7.329692900659436905e-01
1.017000000000000000e+03 7.328137320282946954e-01
1.018000000000000000e+03 7.330567930216405070e-01
1.019000000000000000e+03 7.328335076562780825e-01
1.020000000000000000e+03 7.336312892911196482e-01
1.021000000000000000e+03 7.337543605464246221e-01
1.022000000000000000e+03 7.337196643282211106e-01
1.023000000000000000e+03 7.340446348842318836e-01
1.024000000000000000e+03 7.343255427250261480e-01
1.025000000000000000e+03 7.346065219490295339e-01
1.026000000000000000e+03 7.344589570773421006e-01
1.027000000000000000e+03 7.343028113102010312e-01
1.028000000000000000e+03 7.345452560971499345e-01
1.029000000000000000e+03 7.349984395924780145e-01
1.030000000000000000e+03 7.348948356974941420e-01
1.031000000000000000e+03 7.347911346390250120e-01
1.032000000000000000e+03 7.349442502295312485e-01
1.033000000000000000e+03 7.349834956983295475e-01
1.034000000000000000e+03 7.359200374515920684e-01
1.035000000000000000e+03 7.356806224537826289e-01
1.036000000000000000e+03 7.369793863237155129e-01
1.037000000000000000e+03 7.363630796937058465e-01
1.038000000000000000e+03 7.365824404568760420e-01
1.039000000000000000e+03 7.367424349045680332e-01
1.040000000000000000e+03 7.362763934279326072e-01
1.041000000000000000e+03 7.366173534405323631e-01
1.042000000000000000e+03 7.374120918778463984e-01
1.043000000000000000e+03 7.373910459007723128e-01
1.044000000000000000e+03 7.372264976203077858e-01
1.045000000000000000e+03 7.373638724467445060e-01
1.046000000000000000e+03 7.378118251575462860e-01
1.047000000000000000e+03 7.373742391322084533e-01
1.048000000000000000e+03 7.382294071578671124e-01
1.049000000000000000e+03 7.385625042028745035e-01
1.050000000000000000e+03 7.387378557172803450e-01
1.051000000000000000e+03 7.388527444588288695e-01
1.052000000000000000e+03 7.389449434636290448e-01
1.053000000000000000e+03 7.391959768258483665e-01
1.054000000000000000e+03 7.387585828224461082e-01
1.055000000000000000e+03 7.396074049935579264e-01
1.056000000000000000e+03 7.389587536157812275e-01
1.057000000000000000e+03 7.388606671577196972e-01
1.058000000000000000e+03 7.397165922103934310e-01
1.059000000000000000e+03 7.394906571355617242e-01
1.060000000000000000e+03 7.406121032186676612e-01
1.061000000000000000e+03 7.403558624612558425e-01
1.062000000000000000e+03 7.406223791578496751e-01
1.063000000000000000e+03 7.405478501079658660e-01
1.064000000000000000e+03 7.411101115453061494e-01
1.065000000000000000e+03 7.413076693148554774e-01
1.066000000000000000e+03 7.412103357637772616e-01
1.067000000000000000e+03 7.415748069365805106e-01
1.068000000000000000e+03 7.419099129764192835e-01
1.069000000000000000e+03 7.419102821839210771e-01
1.070000000000000000e+03 7.424647554372771907e-01
1.071000000000000000e+03 7.417447278562262492e-01
1.072000000000000000e+03 7.419347877936061098e-01
1.073000000000000000e+03 7.417991275404435259e-01
1.074000000000000000e+03 7.426662202362086518e-01
1.075000000000000000e+03 7.422561272265406629e-01
1.076000000000000000e+03 7.421659036515939611e-01
1.077000000000000000e+03 7.434659181594910349e-01
1.078000000000000000e+03 7.427590630267136840e-01
1.079000000000000000e+03 7.428656272068465682e-01
1.080000000000000000e+03 7.439686417491440107e-01
1.081000000000000000e+03 7.438395511045144959e-01
1.082000000000000000e+03 7.432698696969631813e-01
1.083000000000000000e+03 7.441527775289654700e-01
1.084000000000000000e+03 7.440243701096140860e-01
1.085000000000000000e+03 7.438873915249213375e-01
1.086000000000000000e+03 7.445203624305827272e-01
1.087000000000000000e+03 7.446651770974301865e-01
1.088000000000000000e+03 7.450681853178132696e-01
1.089000000000000000e+03 7.454721652004340227e-01
1.090000000000000000e+03 7.455942593619703240e-01
1.091000000000000000e+03 7.452437253536615680e-01
1.092000000000000000e+03 7.453437130737952110e-01
1.093000000000000000e+03 7.451377959419090979e-01
1.094000000000000000e+03 7.460606605809078085e-01
1.095000000000000000e+03 7.460835946289360310e-01
1.096000000000000000e+03 7.467101799820835550e-01
1.097000000000000000e+03 7.469689022437504544e-01
1.098000000000000000e+03 7.461903649211256706e-01
1.099000000000000000e+03 7.462581468872153678e-01
1.100000000000000000e+03 7.469529431461121582e-01
1.101000000000000000e+03 7.466015685056174300e-01
1.102000000000000000e+03 7.476098335234716563e-01
1.103000000000000000e+03 7.469832925482988717e-01
1.104000000000000000e+03 7.476556733938617416e-01
1.105000000000000000e+03 7.478246204687385434e-01
1.106000000000000000e+03 7.475722420138176672e-01
1.107000000000000000e+03 7.478924134297521009e-01
1.108000000000000000e+03 7.480681823910549921e-01
1.109000000000000000e+03 7.479983535260117389e-01
1.110000000000000000e+03 7.477142399412388674e-01
1.111000000000000000e+03 7.491449546814652471e-01
1.112000000000000000e+03 7.484024628560180803e-01
1.113000000000000000e+03 7.489227860887385235e-01
1.114000000000000000e+03 7.489838542127958965e-01
1.115000000000000000e+03 7.493129476715526538e-01
1.116000000000000000e+03 7.490676352859939602e-01
1.117000000000000000e+03 7.495491877247999479e-01
1.118000000000000000e+03 7.491190323944656448e-01
1.119000000000000000e+03 7.503142667066902138e-01
1.120000000000000000e+03 7.500449866368276153e-01
1.121000000000000000e+03 7.496000595387637411e-01
1.122000000000000000e+03 7.498442520164078084e-01
1.123000000000000000e+03 7.502120234363095497e-01
1.124000000000000000e+03 7.504341440465525093e-01
1.125000000000000000e+03 7.504107853420523000e-01
1.126000000000000000e+03 7.503328508889478554e-01
1.127000000000000000e+03 7.507767726149483511e-01
1.128000000000000000e+03 7.513137514751921930e-01
1.129000000000000000e+03 7.509978066376070682e-01
1.130000000000000000e+03 7.509888944830312996e-01
1.131000000000000000e+03 7.512180474038079314e-01
1.132000000000000000e+03 7.511407636262867893e-01
1.133000000000000000e+03 7.521844071034006207e-01
1.134000000000000000e+03 7.521072023495946057e-01
1.135000000000000000e+03 7.518838822525327759e-01
1.136000000000000000e+03 7.521900998479629230e-01
1.137000000000000000e+03 7.522349591230415022e-01
1.138000000000000000e+03 7.520029442339142278e-01
1.139000000000000000e+03 7.527399794974349856e-01
1.140000000000000000e+03 7.524848255510694361e-01
1.141000000000000000e+03 7.525757992884960501e-01
1.142000000000000000e+03 7.529600048839910631e-01
1.143000000000000000e+03 7.531356921857242925e-01
1.144000000000000000e+03 7.535346646334627474e-01
1.145000000000000000e+03 7.530413396648101276e-01
1.146000000000000000e+03 7.537253213611858627e-01
1.147000000000000000e+03 7.531847765931509731e-01
1.148000000000000000e+03 7.542541522555410438e-01
1.149000000000000000e+03 7.538983739026035025e-01
1.150000000000000000e+03 7.538961634420326963e-01
