# Data from LTS-66, V6
# File name: Telescope Throughput V6.xlsx
# tab: Reflect Prot Al, col: B

300 0.90954
301 0.90966
302 0.90977
303 0.90989
304 0.91001
305 0.91013
306 0.91024
307 0.91036
308 0.91047
309 0.91058
310 0.91069
311 0.91082
312 0.91094
313 0.91106
314 0.91118
315 0.91131
316 0.91143
317 0.91155
318 0.91166
319 0.91178
320 0.91190
321 0.91204
322 0.91219
323 0.91234
324 0.91249
325 0.91264
326 0.91279
327 0.91292
328 0.91306
329 0.91320
330 0.91334
331 0.91349
332 0.91364
333 0.91378
334 0.91393
335 0.91408
336 0.91423
337 0.91436
338 0.91450
339 0.91464
340 0.91478
341 0.91486
342 0.91494
343 0.91503
344 0.91511
345 0.91520
346 0.91528
347 0.91536
348 0.91544
349 0.91552
350 0.91560
351 0.91569
352 0.91577
353 0.91586
354 0.91595
355 0.91603
356 0.91612
357 0.91620
358 0.91629
359 0.91637
360 0.91645
361 0.91660
362 0.91675
363 0.91689
364 0.91704
365 0.91719
366 0.91733
367 0.91747
368 0.91761
369 0.91774
370 0.91788
371 0.91802
372 0.91817
373 0.91831
374 0.91846
375 0.91860
376 0.91874
377 0.91888
378 0.91901
379 0.91914
380 0.91928
381 0.91935
382 0.91942
383 0.91949
384 0.91956
385 0.91963
386 0.91970
387 0.91977
388 0.91983
389 0.91990
390 0.91997
391 0.92004
392 0.92011
393 0.92018
394 0.92026
395 0.92033
396 0.92040
397 0.92047
398 0.92054
399 0.92061
400 0.92067
401 0.92069
402 0.92071
403 0.92073
404 0.92075
405 0.92077
406 0.92079
407 0.92081
408 0.92083
409 0.92085
410 0.92087
411 0.92090
412 0.92092
413 0.92095
414 0.92097
415 0.92100
416 0.92102
417 0.92105
418 0.92108
419 0.92110
420 0.92113
421 0.92116
422 0.92119
423 0.92123
424 0.92126
425 0.92129
426 0.92132
427 0.92135
428 0.92139
429 0.92142
430 0.92145
431 0.92149
432 0.92152
433 0.92155
434 0.92159
435 0.92162
436 0.92165
437 0.92157
438 0.92149
439 0.92141
440 0.92133
441 0.92125
442 0.92117
443 0.92110
444 0.92102
445 0.92094
446 0.92086
447 0.92080
448 0.92073
449 0.92066
450 0.92060
451 0.92052
452 0.92043
453 0.92035
454 0.92027
455 0.92019
456 0.92010
457 0.92003
458 0.91996
459 0.91989
460 0.91983
461 0.91976
462 0.91969
463 0.91963
464 0.91956
465 0.91949
466 0.91943
467 0.91937
468 0.91932
469 0.91926
470 0.91921
471 0.91916
472 0.91911
473 0.91905
474 0.91900
475 0.91895
476 0.91890
477 0.91886
478 0.91882
479 0.91877
480 0.91873
481 0.91869
482 0.91865
483 0.91862
484 0.91858
485 0.91854
486 0.91850
487 0.91847
488 0.91844
489 0.91841
490 0.91838
491 0.91827
492 0.91817
493 0.91807
494 0.91797
495 0.91787
496 0.91777
497 0.91765
498 0.91753
499 0.91741
500 0.91728
501 0.91716
502 0.91704
503 0.91692
504 0.91679
505 0.91667
506 0.91655
507 0.91644
508 0.91633
509 0.91622
510 0.91611
511 0.91600
512 0.91589
513 0.91578
514 0.91567
515 0.91556
516 0.91545
517 0.91536
518 0.91526
519 0.91516
520 0.91506
521 0.91496
522 0.91487
523 0.91477
524 0.91467
525 0.91457
526 0.91447
527 0.91439
528 0.91430
529 0.91421
530 0.91413
531 0.91404
532 0.91395
533 0.91386
534 0.91378
535 0.91369
536 0.91360
537 0.91352
538 0.91345
539 0.91337
540 0.91329
541 0.91322
542 0.91314
543 0.91306
544 0.91299
545 0.91291
546 0.91283
547 0.91279
548 0.91276
549 0.91272
550 0.91268
551 0.91264
552 0.91261
553 0.91257
554 0.91253
555 0.91250
556 0.91246
557 0.91243
558 0.91240
559 0.91237
560 0.91234
561 0.91231
562 0.91229
563 0.91226
564 0.91223
565 0.91220
566 0.91217
567 0.91215
568 0.91213
569 0.91210
570 0.91208
571 0.91206
572 0.91204
573 0.91202
574 0.91200
575 0.91198
576 0.91196
577 0.91187
578 0.91178
579 0.91169
580 0.91161
581 0.91145
582 0.91130
583 0.91114
584 0.91099
585 0.91084
586 0.91068
587 0.91055
588 0.91041
589 0.91027
590 0.91014
591 0.91000
592 0.90986
593 0.90972
594 0.90958
595 0.90945
596 0.90931
597 0.90919
598 0.90907
599 0.90894
600 0.90882
601 0.90870
602 0.90858
603 0.90845
604 0.90833
605 0.90821
606 0.90809
607 0.90798
608 0.90787
609 0.90776
610 0.90765
611 0.90755
612 0.90744
613 0.90733
614 0.90722
615 0.90711
616 0.90700
617 0.90691
618 0.90681
619 0.90672
620 0.90662
621 0.90652
622 0.90643
623 0.90633
624 0.90624
625 0.90614
626 0.90605
627 0.90596
628 0.90588
629 0.90579
630 0.90571
631 0.90564
632 0.90556
633 0.90549
634 0.90542
635 0.90534
636 0.90527
637 0.90520
638 0.90513
639 0.90505
640 0.90491
641 0.90483
642 0.90476
643 0.90469
644 0.90461
645 0.90454
646 0.90447
647 0.90440
648 0.90434
649 0.90427
650 0.90421
651 0.90367
652 0.90333
653 0.90278
654 0.90223
655 0.90189
656 0.90134
657 0.90100
658 0.90044
659 0.90044
660 0.90044
661 0.89990
662 0.89956
663 0.89901
664 0.89847
665 0.89812
666 0.89757
667 0.89723
668 0.89667
669 0.89667
670 0.89667
671 0.89614
672 0.89580
673 0.89525
674 0.89470
675 0.89436
676 0.89381
677 0.89359
678 0.89336
679 0.89314
680 0.89291
681 0.89237
682 0.89204
683 0.89149
684 0.89094
685 0.89060
686 0.89005
687 0.88983
688 0.88961
689 0.88938
690 0.88916
691 0.88862
692 0.88828
693 0.88774
694 0.88746
695 0.88719
696 0.88685
697 0.88630
698 0.88596
699 0.88568
700 0.88541
701 0.88516
702 0.88492
703 0.88467
704 0.88443
705 0.88418
706 0.88394
707 0.88371
708 0.88348
709 0.88326
710 0.88303
711 0.88279
712 0.88256
713 0.88232
714 0.88208
715 0.88184
716 0.88160
717 0.88138
718 0.88116
719 0.88094
720 0.88072
721 0.88049
722 0.88026
723 0.88003
724 0.87980
725 0.87956
726 0.87933
727 0.87912
728 0.87890
729 0.87869
730 0.87848
731 0.87825
732 0.87803
733 0.87780
734 0.87757
735 0.87735
736 0.87712
737 0.87692
738 0.87671
739 0.87650
740 0.87629
741 0.87607
742 0.87585
743 0.87563
744 0.87541
745 0.87520
746 0.87498
747 0.87477
748 0.87457
749 0.87437
750 0.87417
751 0.87390
752 0.87364
753 0.87338
754 0.87311
755 0.87285
756 0.87258
757 0.87234
758 0.87209
759 0.87184
760 0.87160
761 0.87133
762 0.87107
763 0.87081
764 0.87055
765 0.87028
766 0.87002
767 0.86977
768 0.86953
769 0.86928
770 0.86904
771 0.86878
772 0.86851
773 0.86825
774 0.86799
775 0.86773
776 0.86747
777 0.86722
778 0.86698
779 0.86673
780 0.86649
781 0.86623
782 0.86596
783 0.86570
784 0.86544
785 0.86518
786 0.86492
787 0.86468
788 0.86443
789 0.86419
790 0.86395
791 0.86369
792 0.86343
793 0.86317
794 0.86291
795 0.86265
796 0.86239
797 0.86215
798 0.86190
799 0.86166
800 0.86142
801 0.86139
802 0.86136
803 0.86133
804 0.86130
805 0.86127
806 0.86125
807 0.86122
808 0.86119
809 0.86117
810 0.86114
811 0.86111
812 0.86108
813 0.86106
814 0.86103
815 0.86100
816 0.86097
817 0.86095
818 0.86092
819 0.86090
820 0.86087
821 0.86084
822 0.86082
823 0.86079
824 0.86076
825 0.86074
826 0.86071
827 0.86068
828 0.86066
829 0.86063
830 0.86061
831 0.86058
832 0.86055
833 0.86053
834 0.86050
835 0.86048
836 0.86045
837 0.86042
838 0.86040
839 0.86038
840 0.86035
841 0.86032
842 0.86030
843 0.86027
844 0.86025
845 0.86022
846 0.86020
847 0.86017
848 0.86015
849 0.86012
850 0.86010
851 0.86060
852 0.86111
853 0.86161
854 0.86211
855 0.86261
856 0.86312
857 0.86358
858 0.86404
859 0.86451
860 0.86497
861 0.86545
862 0.86594
863 0.86643
864 0.86691
865 0.86740
866 0.86788
867 0.86833
868 0.86877
869 0.86922
870 0.86967
871 0.87014
872 0.87061
873 0.87107
874 0.87154
875 0.87201
876 0.87248
877 0.87291
878 0.87334
879 0.87377
880 0.87420
881 0.87465
882 0.87511
883 0.87556
884 0.87601
885 0.87646
886 0.87691
887 0.87733
888 0.87775
889 0.87816
890 0.87858
891 0.87901
892 0.87945
893 0.87989
894 0.88032
895 0.88076
896 0.88119
897 0.88160
898 0.88200
899 0.88240
900 0.88280
901 0.88336
902 0.88371
903 0.88428
904 0.88484
905 0.88519
906 0.88666
907 0.88756
908 0.88811
909 0.88867
910 0.88901
911 0.88955
912 0.88988
913 0.89041
914 0.89095
915 0.89128
916 0.89181
917 0.89215
918 0.89268
919 0.89321
920 0.89492
921 0.89542
922 0.89574
923 0.89625
924 0.89676
925 0.89708
926 0.89758
927 0.89890
928 0.89921
929 0.89972
930 0.90053
931 0.90101
932 0.90131
933 0.90180
934 0.90228
935 0.90258
936 0.90432
937 0.90461
938 0.90509
939 0.90557
940 0.90586
941 0.90632
942 0.90661
943 0.90707
944 0.90782
945 0.90856
946 0.90856
947 0.90902
948 0.90975
949 0.91020
950 0.91094
951 0.91106
952 0.91119
953 0.91131
954 0.91144
955 0.91157
956 0.91169
957 0.91181
958 0.91193
959 0.91204
960 0.91216
961 0.91228
962 0.91240
963 0.91253
964 0.91265
965 0.91277
966 0.91290
967 0.91301
968 0.91313
969 0.91324
970 0.91335
971 0.91347
972 0.91359
973 0.91371
974 0.91383
975 0.91396
976 0.91408
977 0.91419
978 0.91430
979 0.91441
980 0.91452
981 0.91464
982 0.91476
983 0.91487
984 0.91499
985 0.91511
986 0.91523
987 0.91534
988 0.91545
989 0.91555
990 0.91566
991 0.91578
992 0.91589
993 0.91601
994 0.91612
995 0.91624
996 0.91635
997 0.91646
998 0.91657
999 0.91667
1000 0.91678
1001 0.91689
1002 0.91701
1003 0.91712
1004 0.91723
1005 0.91734
1006 0.91746
1007 0.91756
1008 0.91766
1009 0.91777
1010 0.91787
1011 0.91798
1012 0.91809
1013 0.91820
1014 0.91831
1015 0.91842
1016 0.91853
1017 0.91863
1018 0.91874
1019 0.91884
1020 0.91894
1021 0.91905
1022 0.91916
1023 0.91926
1024 0.91937
1025 0.91948
1026 0.91959
1027 0.91969
1028 0.91979
1029 0.91989
1030 0.91999
1031 0.92009
1032 0.92020
1033 0.92030
1034 0.92041
1035 0.92051
1036 0.92062
1037 0.92072
1038 0.92081
1039 0.92091
1040 0.92101
1041 0.92111
1042 0.92122
1043 0.92132
1044 0.92142
1045 0.92152
1046 0.92163
1047 0.92172
1048 0.92182
1049 0.92191
1050 0.92201
1051 0.92211
1052 0.92221
1053 0.92231
1054 0.92241
1055 0.92251
1056 0.92262
1057 0.92271
1058 0.92280
1059 0.92290
1060 0.92299
1061 0.92309
1062 0.92319
1063 0.92329
1064 0.92339
1065 0.92348
1066 0.92358
1067 0.92367
1068 0.92377
1069 0.92386
1070 0.92395
1071 0.92405
1072 0.92414
1073 0.92424
1074 0.92434
1075 0.92443
1076 0.92453
1077 0.92462
1078 0.92471
1079 0.92480
1080 0.92489
1081 0.92498
1082 0.92508
1083 0.92517
1084 0.92527
1085 0.92536
1086 0.92546
1087 0.92555
1088 0.92563
1089 0.92572
1090 0.92581
1091 0.92590
1092 0.92600
1093 0.92609
1094 0.92618
1095 0.92627
1096 0.92637
1097 0.92645
1098 0.92654
1099 0.92662
1100 0.92671
1101 0.92680
1102 0.92689
1103 0.92698
1104 0.92707
1105 0.92717
1106 0.92726
1107 0.92734
1108 0.92743
1109 0.92751
1110 0.92759
1111 0.92768
1112 0.92777
1113 0.92786
1114 0.92795
1115 0.92804
1116 0.92813
1117 0.92821
1118 0.92829
1119 0.92838
1120 0.92846
1121 0.92855
1122 0.92863
1123 0.92872
1124 0.92881
1125 0.92890
1126 0.92898
1127 0.92906
1128 0.92915
1129 0.92923
1130 0.92931
1131 0.92939
1132 0.92948
1133 0.92956
1134 0.92965
1135 0.92974
1136 0.92982
1137 0.92990
1138 0.92998
1139 0.93006
1140 0.93014
1141 0.93022
1142 0.93031
1143 0.93039
1144 0.93047
1145 0.93056
1146 0.93064
1147 0.93072
1148 0.93080
1149 0.93088
1150 0.93095
