300.0 0.0423
301.0 0.0423
302.0 0.0423
303.0 0.0423
304.0 0.0423
305.0 0.0423
306.0 0.0423
307.0 0.0423
308.0 0.0423
309.0 0.0423
310.0 0.0422
311.0 0.0422
312.0 0.0422
313.0 0.0422
314.0 0.0422
315.0 0.0422
316.0 0.0422
317.0 0.0422
318.0 0.0422
319.0 0.0422
320.0 0.0421
321.0 0.0421
322.0 0.0421
323.0 0.0421
324.0 0.0421
325.0 0.0421
326.0 0.0421
327.0 0.0421
328.0 0.0421
329.0 0.0421
330.0 0.0421
331.0 0.0421
332.0 0.0420
333.0 0.0420
334.0 0.0420
335.0 0.0420
336.0 0.0420
337.0 0.0420
338.0 0.0420
339.0 0.0420
340.0 0.0420
341.0 0.0420
342.0 0.0420
343.0 0.0419
344.0 0.0419
345.0 0.0419
346.0 0.0419
347.0 0.0419
348.0 0.0419
349.0 0.0419
350.0 0.0419
351.0 0.0419
352.0 0.0418
353.0 0.0418
354.0 0.0418
355.0 0.0418
356.0 0.0418
357.0 0.0418
358.0 0.0418
359.0 0.0418
360.0 0.0418
361.0 0.0417
362.0 0.0417
363.0 0.0417
364.0 0.0417
365.0 0.0417
366.0 0.0417
367.0 0.0417
368.0 0.0417
369.0 0.0417
370.0 0.0417
371.0 0.0417
372.0 0.0416
373.0 0.0416
374.0 0.0416
375.0 0.0416
376.0 0.0416
377.0 0.0416
378.0 0.0416
379.0 0.0416
380.0 0.0416
381.0 0.0416
382.0 0.0416
383.0 0.0415
384.0 0.0415
385.0 0.0415
386.0 0.0415
387.0 0.0415
388.0 0.0415
389.0 0.0415
390.0 0.0415
391.0 0.0414
392.0 0.0414
393.0 0.0414
394.0 0.0414
395.0 0.0414
396.0 0.0414
397.0 0.0414
398.0 0.0414
399.0 0.0413
400.0 0.0413
401.0 0.0413
402.0 0.0413
403.0 0.0413
404.0 0.0413
405.0 0.0413
406.0 0.0412
407.0 0.0412
408.0 0.0412
409.0 0.0412
410.0 0.0412
411.0 0.0412
412.0 0.0412
413.0 0.0411
414.0 0.0411
415.0 0.0411
416.0 0.0411
417.0 0.0411
418.0 0.0411
419.0 0.0411
420.0 0.0410
421.0 0.0410
422.0 0.0410
423.0 0.0410
424.0 0.0410
425.0 0.0410
426.0 0.0410
427.0 0.0410
428.0 0.0409
429.0 0.0409
430.0 0.0409
431.0 0.0409
432.0 0.0409
433.0 0.0409
434.0 0.0409
435.0 0.0408
436.0 0.0408
437.0 0.0408
438.0 0.0408
439.0 0.0408
440.0 0.0408
441.0 0.0407
442.0 0.0407
443.0 0.0407
444.0 0.0407
445.0 0.0407
446.0 0.0406
447.0 0.0406
448.0 0.0406
449.0 0.0406
450.0 0.0406
451.0 0.0405
452.0 0.0405
453.0 0.0405
454.0 0.0405
455.0 0.0405
456.0 0.0405
457.0 0.0404
458.0 0.0404
459.0 0.0404
460.0 0.0404
461.0 0.0404
462.0 0.0403
463.0 0.0403
464.0 0.0403
465.0 0.0403
466.0 0.0403
467.0 0.0403
468.0 0.0402
469.0 0.0402
470.0 0.0402
471.0 0.0402
472.0 0.0402
473.0 0.0401
474.0 0.0401
475.0 0.0401
476.0 0.0401
477.0 0.0401
478.0 0.0400
479.0 0.0400
480.0 0.0400
481.0 0.0400
482.0 0.0400
483.0 0.0399
484.0 0.0399
485.0 0.0399
486.0 0.0399
487.0 0.0399
488.0 0.0398
489.0 0.0398
490.0 0.0398
491.0 0.0398
492.0 0.0398
493.0 0.0397
494.0 0.0397
495.0 0.0397
496.0 0.0397
497.0 0.0396
498.0 0.0396
499.0 0.0396
500.0 0.0396
501.0 0.0395
502.0 0.0395
503.0 0.0395
504.0 0.0395
505.0 0.0395
506.0 0.0394
507.0 0.0394
508.0 0.0394
509.0 0.0394
510.0 0.0393
511.0 0.0393
512.0 0.0393
513.0 0.0393
514.0 0.0392
515.0 0.0392
516.0 0.0392
517.0 0.0392
518.0 0.0392
519.0 0.0391
520.0 0.0391
521.0 0.0391
522.0 0.0391
523.0 0.0390
524.0 0.0390
525.0 0.0390
526.0 0.0390
527.0 0.0389
528.0 0.0389
529.0 0.0389
530.0 0.0389
531.0 0.0389
532.0 0.0388
533.0 0.0388
534.0 0.0388
535.0 0.0388
536.0 0.0387
537.0 0.0387
538.0 0.0387
539.0 0.0387
540.0 0.0387
541.0 0.0386
542.0 0.0386
543.0 0.0386
544.0 0.0386
545.0 0.0386
546.0 0.0385
547.0 0.0385
548.0 0.0385
549.0 0.0385
550.0 0.0385
551.0 0.0384
552.0 0.0384
553.0 0.0384
554.0 0.0384
555.0 0.0384
556.0 0.0383
557.0 0.0383
558.0 0.0383
559.0 0.0383
560.0 0.0383
561.0 0.0382
562.0 0.0382
563.0 0.0382
564.0 0.0382
565.0 0.0382
566.0 0.0381
567.0 0.0381
568.0 0.0381
569.0 0.0381
570.0 0.0381
571.0 0.0380
572.0 0.0380
573.0 0.0380
574.0 0.0380
575.0 0.0380
576.0 0.0379
577.0 0.0379
578.0 0.0379
579.0 0.0379
580.0 0.0379
581.0 0.0378
582.0 0.0378
583.0 0.0378
584.0 0.0378
585.0 0.0377
586.0 0.0377
587.0 0.0377
588.0 0.0377
589.0 0.0376
590.0 0.0376
591.0 0.0376
592.0 0.0376
593.0 0.0375
594.0 0.0375
595.0 0.0375
596.0 0.0375
597.0 0.0374
598.0 0.0374
599.0 0.0374
600.0 0.0374
601.0 0.0373
602.0 0.0373
603.0 0.0373
604.0 0.0373
605.0 0.0373
606.0 0.0372
607.0 0.0372
608.0 0.0372
609.0 0.0372
610.0 0.0371
611.0 0.0371
612.0 0.0371
613.0 0.0371
614.0 0.0370
615.0 0.0370
616.0 0.0370
617.0 0.0370
618.0 0.0370
619.0 0.0369
620.0 0.0369
621.0 0.0369
622.0 0.0369
623.0 0.0369
624.0 0.0369
625.0 0.0369
626.0 0.0369
627.0 0.0369
628.0 0.0369
629.0 0.0369
630.0 0.0369
631.0 0.0369
632.0 0.0369
633.0 0.0369
634.0 0.0369
635.0 0.0369
636.0 0.0369
637.0 0.0369
638.0 0.0369
639.0 0.0369
640.0 0.0369
641.0 0.0369
642.0 0.0369
643.0 0.0369
644.0 0.0369
645.0 0.0368
646.0 0.0368
647.0 0.0368
648.0 0.0368
649.0 0.0368
650.0 0.0368
651.0 0.0368
652.0 0.0368
653.0 0.0368
654.0 0.0368
655.0 0.0367
656.0 0.0367
657.0 0.0367
658.0 0.0367
659.0 0.0367
660.0 0.0367
661.0 0.0367
662.0 0.0366
663.0 0.0366
664.0 0.0366
665.0 0.0366
666.0 0.0366
667.0 0.0365
668.0 0.0365
669.0 0.0365
670.0 0.0365
671.0 0.0365
672.0 0.0365
673.0 0.0365
674.0 0.0364
675.0 0.0364
676.0 0.0364
677.0 0.0364
678.0 0.0364
679.0 0.0364
680.0 0.0364
681.0 0.0364
682.0 0.0363
683.0 0.0363
684.0 0.0363
685.0 0.0363
686.0 0.0363
687.0 0.0362
688.0 0.0362
689.0 0.0362
690.0 0.0362
691.0 0.0362
692.0 0.0362
693.0 0.0362
694.0 0.0362
695.0 0.0361
696.0 0.0361
697.0 0.0361
698.0 0.0361
699.0 0.0361
700.0 0.0361
701.0 0.0361
702.0 0.0360
703.0 0.0360
704.0 0.0360
705.0 0.0360
706.0 0.0360
707.0 0.0360
708.0 0.0360
709.0 0.0360
710.0 0.0360
711.0 0.0360
712.0 0.0360
713.0 0.0359
714.0 0.0359
715.0 0.0359
716.0 0.0359
717.0 0.0359
718.0 0.0359
719.0 0.0359
720.0 0.0359
721.0 0.0359
722.0 0.0359
723.0 0.0358
724.0 0.0358
725.0 0.0358
726.0 0.0358
727.0 0.0358
728.0 0.0358
729.0 0.0358
730.0 0.0358
731.0 0.0358
732.0 0.0358
733.0 0.0358
734.0 0.0357
735.0 0.0357
736.0 0.0357
737.0 0.0357
738.0 0.0357
739.0 0.0357
740.0 0.0357
741.0 0.0357
742.0 0.0357
743.0 0.0357
744.0 0.0357
745.0 0.0357
746.0 0.0356
747.0 0.0356
748.0 0.0356
749.0 0.0356
750.0 0.0356
751.0 0.0356
752.0 0.0356
753.0 0.0356
754.0 0.0356
755.0 0.0356
756.0 0.0355
757.0 0.0355
758.0 0.0355
759.0 0.0355
760.0 0.0355
761.0 0.0355
762.0 0.0355
763.0 0.0355
764.0 0.0355
765.0 0.0355
766.0 0.0354
767.0 0.0354
768.0 0.0354
769.0 0.0354
770.0 0.0354
771.0 0.0354
772.0 0.0354
773.0 0.0354
774.0 0.0354
775.0 0.0353
776.0 0.0353
777.0 0.0353
778.0 0.0353
779.0 0.0353
780.0 0.0353
781.0 0.0353
782.0 0.0353
783.0 0.0353
784.0 0.0353
785.0 0.0352
786.0 0.0352
787.0 0.0352
788.0 0.0352
789.0 0.0352
790.0 0.0352
791.0 0.0352
792.0 0.0352
793.0 0.0352
794.0 0.0352
795.0 0.0351
796.0 0.0351
797.0 0.0351
798.0 0.0351
799.0 0.0351
800.0 0.0351
801.0 0.0351
802.0 0.0351
803.0 0.0351
804.0 0.0351
805.0 0.0351
806.0 0.0351
807.0 0.0351
808.0 0.0351
809.0 0.0351
810.0 0.0351
811.0 0.0351
812.0 0.0351
813.0 0.0351
814.0 0.0351
815.0 0.0351
816.0 0.0351
817.0 0.0351
818.0 0.0351
819.0 0.0351
820.0 0.0351
821.0 0.0351
822.0 0.0351
823.0 0.0351
824.0 0.0351
825.0 0.0351
826.0 0.0351
827.0 0.0351
828.0 0.0351
829.0 0.0351
830.0 0.0351
831.0 0.0351
832.0 0.0351
833.0 0.0351
834.0 0.0351
835.0 0.0351
836.0 0.0351
837.0 0.0350
838.0 0.0350
839.0 0.0350
840.0 0.0350
841.0 0.0350
842.0 0.0350
843.0 0.0350
844.0 0.0350
845.0 0.0350
846.0 0.0350
847.0 0.0350
848.0 0.0350
849.0 0.0350
850.0 0.0350
851.0 0.0351
852.0 0.0351
853.0 0.0351
854.0 0.0351
855.0 0.0351
856.0 0.0352
857.0 0.0352
858.0 0.0352
859.0 0.0352
860.0 0.0352
861.0 0.0353
862.0 0.0353
863.0 0.0353
864.0 0.0353
865.0 0.0353
866.0 0.0354
867.0 0.0354
868.0 0.0354
869.0 0.0354
870.0 0.0354
871.0 0.0354
872.0 0.0355
873.0 0.0355
874.0 0.0355
875.0 0.0355
876.0 0.0355
877.0 0.0356
878.0 0.0356
879.0 0.0356
880.0 0.0356
881.0 0.0356
882.0 0.0356
883.0 0.0357
884.0 0.0357
885.0 0.0357
886.0 0.0357
887.0 0.0357
888.0 0.0358
889.0 0.0358
890.0 0.0358
891.0 0.0358
892.0 0.0358
893.0 0.0358
894.0 0.0359
895.0 0.0359
896.0 0.0359
897.0 0.0359
898.0 0.0359
899.0 0.0359
900.0 0.0360
901.0 0.0360
902.0 0.0360
903.0 0.0360
904.0 0.0360
905.0 0.0361
906.0 0.0361
907.0 0.0362
908.0 0.0362
909.0 0.0362
910.0 0.0362
911.0 0.0362
912.0 0.0363
913.0 0.0363
914.0 0.0363
915.0 0.0363
916.0 0.0363
917.0 0.0363
918.0 0.0364
919.0 0.0364
920.0 0.0365
921.0 0.0365
922.0 0.0365
923.0 0.0365
924.0 0.0365
925.0 0.0365
926.0 0.0366
927.0 0.0366
928.0 0.0366
929.0 0.0367
930.0 0.0367
931.0 0.0367
932.0 0.0367
933.0 0.0367
934.0 0.0368
935.0 0.0368
936.0 0.0368
937.0 0.0369
938.0 0.0369
939.0 0.0369
940.0 0.0369
941.0 0.0369
942.0 0.0369
943.0 0.0370
944.0 0.0370
945.0 0.0370
946.0 0.0370
947.0 0.0370
948.0 0.0371
949.0 0.0371
950.0 0.0371
951.0 0.0371
952.0 0.0371
953.0 0.0371
954.0 0.0371
955.0 0.0371
956.0 0.0371
957.0 0.0371
958.0 0.0371
959.0 0.0372
960.0 0.0372
961.0 0.0372
962.0 0.0372
963.0 0.0372
964.0 0.0372
965.0 0.0372
966.0 0.0372
967.0 0.0372
968.0 0.0372
969.0 0.0372
970.0 0.0372
971.0 0.0372
972.0 0.0372
973.0 0.0372
974.0 0.0372
975.0 0.0372
976.0 0.0372
977.0 0.0372
978.0 0.0372
979.0 0.0372
980.0 0.0373
981.0 0.0373
982.0 0.0373
983.0 0.0373
984.0 0.0373
985.0 0.0373
986.0 0.0373
987.0 0.0373
988.0 0.0373
989.0 0.0373
990.0 0.0373
991.0 0.0373
992.0 0.0373
993.0 0.0373
994.0 0.0373
995.0 0.0373
996.0 0.0373
997.0 0.0373
998.0 0.0373
999.0 0.0373
1000.0 0.0373
1001.0 0.0373
1002.0 0.0374
1003.0 0.0374
1004.0 0.0374
1005.0 0.0374
1006.0 0.0374
1007.0 0.0374
1008.0 0.0374
1009.0 0.0374
1010.0 0.0374
1011.0 0.0374
1012.0 0.0374
1013.0 0.0374
1014.0 0.0374
1015.0 0.0374
1016.0 0.0374
1017.0 0.0374
1018.0 0.0374
1019.0 0.0374
1020.0 0.0374
1021.0 0.0374
1022.0 0.0374
1023.0 0.0374
1024.0 0.0375
1025.0 0.0375
1026.0 0.0375
1027.0 0.0375
1028.0 0.0375
1029.0 0.0375
1030.0 0.0375
1031.0 0.0375
1032.0 0.0375
1033.0 0.0375
1034.0 0.0375
1035.0 0.0375
1036.0 0.0375
1037.0 0.0375
1038.0 0.0375
1039.0 0.0375
1040.0 0.0375
1041.0 0.0375
1042.0 0.0375
1043.0 0.0375
1044.0 0.0375
1045.0 0.0375
1046.0 0.0375
1047.0 0.0375
1048.0 0.0376
1049.0 0.0376
1050.0 0.0376
1051.0 0.0376
1052.0 0.0376
1053.0 0.0376
1054.0 0.0376
1055.0 0.0376
1056.0 0.0376
1057.0 0.0376
1058.0 0.0376
1059.0 0.0376
1060.0 0.0376
1061.0 0.0376
1062.0 0.0376
1063.0 0.0376
1064.0 0.0376
1065.0 0.0376
1066.0 0.0376
1067.0 0.0376
1068.0 0.0376
1069.0 0.0376
1070.0 0.0376
1071.0 0.0376
1072.0 0.0376
1073.0 0.0376
1074.0 0.0377
1075.0 0.0377
1076.0 0.0377
1077.0 0.0377
1078.0 0.0377
1079.0 0.0377
1080.0 0.0377
1081.0 0.0377
1082.0 0.0377
1083.0 0.0377
1084.0 0.0377
1085.0 0.0377
1086.0 0.0377
1087.0 0.0377
1088.0 0.0377
1089.0 0.0377
1090.0 0.0377
1091.0 0.0377
1092.0 0.0377
1093.0 0.0377
1094.0 0.0377
1095.0 0.0377
1096.0 0.0377
1097.0 0.0377
1098.0 0.0377
1099.0 0.0377
1100.0 0.0378
1101.0 0.0378
1102.0 0.0378
1103.0 0.0378
1104.0 0.0378
1105.0 0.0378
1106.0 0.0378
1107.0 0.0378
1108.0 0.0378
1109.0 0.0378
1110.0 0.0378
1111.0 0.0378
1112.0 0.0378
1113.0 0.0378
1114.0 0.0378
1115.0 0.0378
1116.0 0.0378
1117.0 0.0378
1118.0 0.0378
1119.0 0.0378
1120.0 0.0378
1121.0 0.0378
1122.0 0.0378
1123.0 0.0378
1124.0 0.0378
1125.0 0.0378
1126.0 0.0378
1127.0 0.0378
1128.0 0.0379
1129.0 0.0379
1130.0 0.0379
1131.0 0.0379
1132.0 0.0379
1133.0 0.0379
1134.0 0.0379
1135.0 0.0379
1136.0 0.0379
1137.0 0.0379
1138.0 0.0379
1139.0 0.0379
1140.0 0.0379
1141.0 0.0379
1142.0 0.0379
1143.0 0.0379
1144.0 0.0379
1145.0 0.0379
1146.0 0.0379
1147.0 0.0379
1148.0 0.0379
1149.0 0.0379
1150.0 0.0379
