300.0 0.9512
301.0 0.9512
302.0 0.9512
303.0 0.9512
304.0 0.9512
305.0 0.9513
306.0 0.9513
307.0 0.9513
308.0 0.9513
309.0 0.9513
310.0 0.9514
311.0 0.9514
312.0 0.9514
313.0 0.9514
314.0 0.9514
315.0 0.9514
316.0 0.9515
317.0 0.9515
318.0 0.9515
319.0 0.9515
320.0 0.9515
321.0 0.9516
322.0 0.9516
323.0 0.9516
324.0 0.9516
325.0 0.9516
326.0 0.9516
327.0 0.9517
328.0 0.9517
329.0 0.9517
330.0 0.9517
331.0 0.9517
332.0 0.9518
333.0 0.9518
334.0 0.9518
335.0 0.9518
336.0 0.9518
337.0 0.9518
338.0 0.9519
339.0 0.9519
340.0 0.9519
341.0 0.9519
342.0 0.9519
343.0 0.9520
344.0 0.9520
345.0 0.9520
346.0 0.9520
347.0 0.9520
348.0 0.9521
349.0 0.9521
350.0 0.9521
351.0 0.9521
352.0 0.9521
353.0 0.9521
354.0 0.9522
355.0 0.9522
356.0 0.9522
357.0 0.9522
358.0 0.9522
359.0 0.9523
360.0 0.9523
361.0 0.9523
362.0 0.9523
363.0 0.9523
364.0 0.9523
365.0 0.9524
366.0 0.9524
367.0 0.9524
368.0 0.9524
369.0 0.9524
370.0 0.9525
371.0 0.9525
372.0 0.9525
373.0 0.9525
374.0 0.9525
375.0 0.9525
376.0 0.9526
377.0 0.9526
378.0 0.9526
379.0 0.9526
380.0 0.9526
381.0 0.9526
382.0 0.9527
383.0 0.9527
384.0 0.9527
385.0 0.9527
386.0 0.9527
387.0 0.9528
388.0 0.9528
389.0 0.9528
390.0 0.9528
391.0 0.9528
392.0 0.9529
393.0 0.9529
394.0 0.9529
395.0 0.9529
396.0 0.9529
397.0 0.9529
398.0 0.9530
399.0 0.9530
400.0 0.9530
401.0 0.9530
402.0 0.9530
403.0 0.9530
404.0 0.9531
405.0 0.9531
406.0 0.9531
407.0 0.9531
408.0 0.9531
409.0 0.9532
410.0 0.9532
411.0 0.9532
412.0 0.9532
413.0 0.9532
414.0 0.9532
415.0 0.9533
416.0 0.9533
417.0 0.9533
418.0 0.9533
419.0 0.9533
420.0 0.9534
421.0 0.9534
422.0 0.9534
423.0 0.9534
424.0 0.9534
425.0 0.9534
426.0 0.9535
427.0 0.9535
428.0 0.9535
429.0 0.9535
430.0 0.9535
431.0 0.9536
432.0 0.9536
433.0 0.9536
434.0 0.9536
435.0 0.9536
436.0 0.9536
437.0 0.9537
438.0 0.9537
439.0 0.9537
440.0 0.9537
441.0 0.9537
442.0 0.9538
443.0 0.9538
444.0 0.9538
445.0 0.9538
446.0 0.9538
447.0 0.9538
448.0 0.9539
449.0 0.9539
450.0 0.9539
451.0 0.9539
452.0 0.9539
453.0 0.9540
454.0 0.9540
455.0 0.9540
456.0 0.9540
457.0 0.9540
458.0 0.9540
459.0 0.9541
460.0 0.9541
461.0 0.9541
462.0 0.9541
463.0 0.9541
464.0 0.9542
465.0 0.9542
466.0 0.9542
467.0 0.9542
468.0 0.9542
469.0 0.9542
470.0 0.9543
471.0 0.9543
472.0 0.9543
473.0 0.9543
474.0 0.9543
475.0 0.9544
476.0 0.9544
477.0 0.9544
478.0 0.9544
479.0 0.9545
480.0 0.9545
481.0 0.9545
482.0 0.9545
483.0 0.9545
484.0 0.9546
485.0 0.9546
486.0 0.9546
487.0 0.9546
488.0 0.9547
489.0 0.9547
490.0 0.9547
491.0 0.9547
492.0 0.9547
493.0 0.9548
494.0 0.9548
495.0 0.9548
496.0 0.9548
497.0 0.9548
498.0 0.9549
499.0 0.9549
500.0 0.9549
501.0 0.9549
502.0 0.9550
503.0 0.9550
504.0 0.9550
505.0 0.9550
506.0 0.9550
507.0 0.9551
508.0 0.9551
509.0 0.9551
510.0 0.9551
511.0 0.9552
512.0 0.9552
513.0 0.9552
514.0 0.9552
515.0 0.9552
516.0 0.9553
517.0 0.9553
518.0 0.9553
519.0 0.9553
520.0 0.9554
521.0 0.9554
522.0 0.9554
523.0 0.9554
524.0 0.9554
525.0 0.9555
526.0 0.9555
527.0 0.9555
528.0 0.9555
529.0 0.9556
530.0 0.9556
531.0 0.9556
532.0 0.9556
533.0 0.9556
534.0 0.9557
535.0 0.9557
536.0 0.9557
537.0 0.9557
538.0 0.9558
539.0 0.9558
540.0 0.9558
541.0 0.9558
542.0 0.9558
543.0 0.9559
544.0 0.9559
545.0 0.9559
546.0 0.9559
547.0 0.9560
548.0 0.9560
549.0 0.9560
550.0 0.9560
551.0 0.9560
552.0 0.9561
553.0 0.9561
554.0 0.9561
555.0 0.9561
556.0 0.9561
557.0 0.9562
558.0 0.9562
559.0 0.9562
560.0 0.9562
561.0 0.9563
562.0 0.9563
563.0 0.9563
564.0 0.9563
565.0 0.9563
566.0 0.9564
567.0 0.9564
568.0 0.9564
569.0 0.9564
570.0 0.9565
571.0 0.9565
572.0 0.9565
573.0 0.9565
574.0 0.9565
575.0 0.9566
576.0 0.9566
577.0 0.9566
578.0 0.9566
579.0 0.9567
580.0 0.9567
581.0 0.9567
582.0 0.9567
583.0 0.9567
584.0 0.9568
585.0 0.9568
586.0 0.9568
587.0 0.9568
588.0 0.9569
589.0 0.9569
590.0 0.9569
591.0 0.9569
592.0 0.9569
593.0 0.9570
594.0 0.9570
595.0 0.9570
596.0 0.9570
597.0 0.9571
598.0 0.9571
599.0 0.9571
600.0 0.9571
601.0 0.9571
602.0 0.9572
603.0 0.9572
604.0 0.9572
605.0 0.9572
606.0 0.9572
607.0 0.9573
608.0 0.9573
609.0 0.9573
610.0 0.9573
611.0 0.9574
612.0 0.9574
613.0 0.9574
614.0 0.9574
615.0 0.9574
616.0 0.9575
617.0 0.9575
618.0 0.9575
619.0 0.9575
620.0 0.9575
621.0 0.9575
622.0 0.9575
623.0 0.9575
624.0 0.9575
625.0 0.9575
626.0 0.9575
627.0 0.9575
628.0 0.9575
629.0 0.9575
630.0 0.9575
631.0 0.9575
632.0 0.9575
633.0 0.9575
634.0 0.9575
635.0 0.9575
636.0 0.9575
637.0 0.9575
638.0 0.9575
639.0 0.9575
640.0 0.9575
641.0 0.9575
642.0 0.9575
643.0 0.9575
644.0 0.9575
645.0 0.9575
646.0 0.9575
647.0 0.9575
648.0 0.9575
649.0 0.9575
650.0 0.9575
651.0 0.9575
652.0 0.9575
653.0 0.9575
654.0 0.9575
655.0 0.9575
656.0 0.9575
657.0 0.9575
658.0 0.9575
659.0 0.9575
660.0 0.9575
661.0 0.9575
662.0 0.9575
663.0 0.9575
664.0 0.9575
665.0 0.9575
666.0 0.9575
667.0 0.9575
668.0 0.9575
669.0 0.9575
670.0 0.9575
671.0 0.9575
672.0 0.9575
673.0 0.9575
674.0 0.9575
675.0 0.9575
676.0 0.9575
677.0 0.9575
678.0 0.9575
679.0 0.9575
680.0 0.9575
681.0 0.9575
682.0 0.9575
683.0 0.9575
684.0 0.9575
685.0 0.9575
686.0 0.9575
687.0 0.9575
688.0 0.9575
689.0 0.9575
690.0 0.9575
691.0 0.9575
692.0 0.9575
693.0 0.9575
694.0 0.9575
695.0 0.9575
696.0 0.9575
697.0 0.9575
698.0 0.9575
699.0 0.9575
700.0 0.9575
701.0 0.9575
702.0 0.9575
703.0 0.9575
704.0 0.9575
705.0 0.9575
706.0 0.9575
707.0 0.9575
708.0 0.9575
709.0 0.9575
710.0 0.9575
711.0 0.9575
712.0 0.9575
713.0 0.9575
714.0 0.9575
715.0 0.9575
716.0 0.9575
717.0 0.9575
718.0 0.9575
719.0 0.9575
720.0 0.9575
721.0 0.9575
722.0 0.9575
723.0 0.9575
724.0 0.9575
725.0 0.9575
726.0 0.9575
727.0 0.9575
728.0 0.9575
729.0 0.9575
730.0 0.9575
731.0 0.9575
732.0 0.9575
733.0 0.9575
734.0 0.9575
735.0 0.9575
736.0 0.9575
737.0 0.9575
738.0 0.9575
739.0 0.9575
740.0 0.9575
741.0 0.9575
742.0 0.9575
743.0 0.9575
744.0 0.9575
745.0 0.9575
746.0 0.9575
747.0 0.9575
748.0 0.9575
749.0 0.9575
750.0 0.9575
751.0 0.9575
752.0 0.9575
753.0 0.9575
754.0 0.9575
755.0 0.9575
756.0 0.9575
757.0 0.9575
758.0 0.9575
759.0 0.9575
760.0 0.9575
761.0 0.9575
762.0 0.9575
763.0 0.9575
764.0 0.9575
765.0 0.9575
766.0 0.9575
767.0 0.9575
768.0 0.9575
769.0 0.9575
770.0 0.9575
771.0 0.9575
772.0 0.9575
773.0 0.9575
774.0 0.9575
775.0 0.9575
776.0 0.9575
777.0 0.9575
778.0 0.9575
779.0 0.9575
780.0 0.9575
781.0 0.9575
782.0 0.9575
783.0 0.9575
784.0 0.9575
785.0 0.9575
786.0 0.9575
787.0 0.9575
788.0 0.9575
789.0 0.9575
790.0 0.9575
791.0 0.9575
792.0 0.9575
793.0 0.9575
794.0 0.9575
795.0 0.9575
796.0 0.9575
797.0 0.9575
798.0 0.9575
799.0 0.9575
800.0 0.9575
801.0 0.9575
802.0 0.9575
803.0 0.9575
804.0 0.9575
805.0 0.9575
806.0 0.9575
807.0 0.9575
808.0 0.9575
809.0 0.9575
810.0 0.9575
811.0 0.9575
812.0 0.9575
813.0 0.9575
814.0 0.9575
815.0 0.9575
816.0 0.9575
817.0 0.9575
818.0 0.9575
819.0 0.9575
820.0 0.9575
821.0 0.9575
822.0 0.9575
823.0 0.9575
824.0 0.9575
825.0 0.9575
826.0 0.9575
827.0 0.9575
828.0 0.9575
829.0 0.9575
830.0 0.9575
831.0 0.9575
832.0 0.9575
833.0 0.9575
834.0 0.9575
835.0 0.9575
836.0 0.9575
837.0 0.9575
838.0 0.9575
839.0 0.9575
840.0 0.9575
841.0 0.9575
842.0 0.9575
843.0 0.9575
844.0 0.9575
845.0 0.9575
846.0 0.9575
847.0 0.9575
848.0 0.9575
849.0 0.9575
850.0 0.9575
851.0 0.9575
852.0 0.9575
853.0 0.9575
854.0 0.9575
855.0 0.9575
856.0 0.9575
857.0 0.9575
858.0 0.9575
859.0 0.9575
860.0 0.9575
861.0 0.9575
862.0 0.9575
863.0 0.9575
864.0 0.9575
865.0 0.9575
866.0 0.9575
867.0 0.9575
868.0 0.9575
869.0 0.9575
870.0 0.9575
871.0 0.9575
872.0 0.9575
873.0 0.9575
874.0 0.9575
875.0 0.9575
876.0 0.9575
877.0 0.9575
878.0 0.9575
879.0 0.9575
880.0 0.9575
881.0 0.9575
882.0 0.9575
883.0 0.9575
884.0 0.9575
885.0 0.9575
886.0 0.9575
887.0 0.9575
888.0 0.9575
889.0 0.9575
890.0 0.9575
891.0 0.9575
892.0 0.9575
893.0 0.9575
894.0 0.9575
895.0 0.9575
896.0 0.9575
897.0 0.9575
898.0 0.9575
899.0 0.9575
900.0 0.9575
901.0 0.9575
902.0 0.9575
903.0 0.9575
904.0 0.9575
905.0 0.9575
906.0 0.9575
907.0 0.9575
908.0 0.9575
909.0 0.9575
910.0 0.9575
911.0 0.9575
912.0 0.9575
913.0 0.9575
914.0 0.9575
915.0 0.9575
916.0 0.9575
917.0 0.9575
918.0 0.9575
919.0 0.9575
920.0 0.9575
921.0 0.9575
922.0 0.9575
923.0 0.9575
924.0 0.9575
925.0 0.9575
926.0 0.9575
927.0 0.9575
928.0 0.9575
929.0 0.9575
930.0 0.9575
931.0 0.9575
932.0 0.9575
933.0 0.9575
934.0 0.9575
935.0 0.9575
936.0 0.9575
937.0 0.9575
938.0 0.9575
939.0 0.9575
940.0 0.9575
941.0 0.9575
942.0 0.9575
943.0 0.9575
944.0 0.9575
945.0 0.9575
946.0 0.9575
947.0 0.9575
948.0 0.9575
949.0 0.9575
950.0 0.9575
951.0 0.9575
952.0 0.9575
953.0 0.9575
954.0 0.9575
955.0 0.9575
956.0 0.9575
957.0 0.9575
958.0 0.9575
959.0 0.9575
960.0 0.9575
961.0 0.9575
962.0 0.9575
963.0 0.9575
964.0 0.9575
965.0 0.9575
966.0 0.9575
967.0 0.9575
968.0 0.9575
969.0 0.9575
970.0 0.9575
971.0 0.9575
972.0 0.9575
973.0 0.9575
974.0 0.9575
975.0 0.9575
976.0 0.9575
977.0 0.9575
978.0 0.9575
979.0 0.9575
980.0 0.9575
981.0 0.9575
982.0 0.9575
983.0 0.9575
984.0 0.9575
985.0 0.9575
986.0 0.9575
987.0 0.9575
988.0 0.9575
989.0 0.9575
990.0 0.9575
991.0 0.9575
992.0 0.9575
993.0 0.9575
994.0 0.9575
995.0 0.9575
996.0 0.9575
997.0 0.9575
998.0 0.9575
999.0 0.9575
1000.0 0.9575
1001.0 0.9575
1002.0 0.9575
1003.0 0.9575
1004.0 0.9575
1005.0 0.9575
1006.0 0.9575
1007.0 0.9575
1008.0 0.9575
1009.0 0.9575
1010.0 0.9575
1011.0 0.9575
1012.0 0.9575
1013.0 0.9575
1014.0 0.9575
1015.0 0.9575
1016.0 0.9575
1017.0 0.9575
1018.0 0.9575
1019.0 0.9575
1020.0 0.9575
1021.0 0.9575
1022.0 0.9575
1023.0 0.9575
1024.0 0.9575
1025.0 0.9575
1026.0 0.9575
1027.0 0.9575
1028.0 0.9575
1029.0 0.9575
1030.0 0.9575
1031.0 0.9575
1032.0 0.9575
1033.0 0.9575
1034.0 0.9575
1035.0 0.9575
1036.0 0.9575
1037.0 0.9575
1038.0 0.9575
1039.0 0.9575
1040.0 0.9575
1041.0 0.9575
1042.0 0.9575
1043.0 0.9575
1044.0 0.9575
1045.0 0.9575
1046.0 0.9575
1047.0 0.9575
1048.0 0.9575
1049.0 0.9575
1050.0 0.9575
1051.0 0.9575
1052.0 0.9575
1053.0 0.9575
1054.0 0.9575
1055.0 0.9575
1056.0 0.9575
1057.0 0.9575
1058.0 0.9575
1059.0 0.9575
1060.0 0.9575
1061.0 0.9575
1062.0 0.9575
1063.0 0.9575
1064.0 0.9575
1065.0 0.9575
1066.0 0.9575
1067.0 0.9575
1068.0 0.9575
1069.0 0.9575
1070.0 0.9575
1071.0 0.9575
1072.0 0.9575
1073.0 0.9575
1074.0 0.9575
1075.0 0.9575
1076.0 0.9575
1077.0 0.9575
1078.0 0.9575
1079.0 0.9575
1080.0 0.9575
1081.0 0.9575
1082.0 0.9575
1083.0 0.9575
1084.0 0.9575
1085.0 0.9575
1086.0 0.9575
1087.0 0.9575
1088.0 0.9575
1089.0 0.9575
1090.0 0.9575
1091.0 0.9575
1092.0 0.9575
1093.0 0.9575
1094.0 0.9575
1095.0 0.9575
1096.0 0.9575
1097.0 0.9575
1098.0 0.9575
1099.0 0.9575
1100.0 0.9575
1101.0 0.9575
1102.0 0.9575
1103.0 0.9575
1104.0 0.9575
1105.0 0.9575
1106.0 0.9575
1107.0 0.9575
1108.0 0.9575
1109.0 0.9575
1110.0 0.9575
1111.0 0.9575
1112.0 0.9575
1113.0 0.9575
1114.0 0.9575
1115.0 0.9575
1116.0 0.9575
1117.0 0.9575
1118.0 0.9575
1119.0 0.9575
1120.0 0.9575
1121.0 0.9575
1122.0 0.9575
1123.0 0.9575
1124.0 0.9575
1125.0 0.9575
1126.0 0.9575
1127.0 0.9575
1128.0 0.9575
1129.0 0.9575
1130.0 0.9575
1131.0 0.9575
1132.0 0.9575
1133.0 0.9575
1134.0 0.9575
1135.0 0.9575
1136.0 0.9575
1137.0 0.9575
1138.0 0.9575
1139.0 0.9575
1140.0 0.9575
1141.0 0.9575
1142.0 0.9575
1143.0 0.9575
1144.0 0.9575
1145.0 0.9575
1146.0 0.9575
1147.0 0.9575
1148.0 0.9575
1149.0 0.9575
1150.0 0.9575
